step,motive_1,motive_2,motive_3,motive_4,motive_5,motive_6,motive_7,motive_8
0,0.5468182133633825,0.7802523083181189,0.366802506820654,0.49936418044295683,0.1985875366121681,0.49124226002310734,0.9000721777655123,0.5429001986645966
1,0.8404508442377518,1.0,0.44529759524089896,0.8798964086559995,0.06394515921947684,0.4719816343699278,1.0,0.9823982534054765
2,0.8020311722576126,0.9615803280198607,0.40687792326075967,0.8414767366758602,0.025525487239337563,0.4335619623897885,0.9615803280198607,0.9439785814253372
3,0.7636115002774733,0.9231606560397214,0.3684582512806204,0.8030570646957209,-0.012894184740801715,0.3951422904096492,0.9231606560397214,0.9055589094451979
4,-0.5103571430335498,0.9589682829469318,0.8383864603141673,0.6052242440201756,0.9871058152591983,0.8168183133973935,0.7885182786470302,1.0
5,-1.0,0.9947759098541422,1.0,0.40739142334463035,1.0,1.0,0.6538759012543389,1.0
6,0.0,1.0,0.011274762176257572,0.7981297991066414,-0.2739686433110231,1.0,0.9475085321287082,1.0
7,1.0,1.0,-0.9774504756474849,1.0,-1.0,1.0,1.0,1.0
8,-0.2739686433110231,1.0,-0.507522266613938,0.8021671793244547,0.0,1.0,0.8653576226073088,1.0
9,-1.0,1.0,-0.03759405758039101,0.6043343586489094,1.0,1.0,0.7307152452146175,1.0
10,0.0,1.0,-1.0,0.9950727344109205,-0.2739686433110231,1.0,1.0,1.0
11,1.0,1.0,-1.0,1.0,-1.0,1.0,1.0,1.0
12,0.011274762176257572,1.0,0.0,1.0,-0.5300717909664531,0.9507682447893803,1.0,1.0
13,-0.9774504756474849,1.0,1.0,1.0,-0.06014358193290613,0.9015364895787605,1.0,1.0
14,-1.0,1.0,1.0,0.8021671793244547,0.9398564180670939,1.0,0.8653576226073088,1.0
15,-1.0,1.0,1.0,0.6043343586489094,1.0,1.0,0.7307152452146175,1.0
16,0.0,1.0,0.011274762176257572,0.9950727344109205,-0.2739686433110231,1.0,1.0,1.0
17,1.0,1.0,-0.9774504756474849,1.0,-1.0,1.0,1.0,1.0
18,-0.2739686433110231,1.0,-0.507522266613938,0.8021671793244547,0.0,1.0,0.8653576226073088,1.0
19,-1.0,1.0,-0.03759405758039101,0.6043343586489094,1.0,1.0,0.7307152452146175,1.0
20,0.0,1.0,-1.0,0.9950727344109205,-0.2739686433110231,1.0,1.0,1.0
21,1.0,1.0,-1.0,1.0,-1.0,1.0,1.0,1.0
22,-0.2739686433110231,1.0,-0.5300717909664531,0.8021671793244547,0.0,1.0,0.8653576226073088,1.0
23,-1.0,1.0,-0.06014358193290613,0.6043343586489094,1.0,1.0,0.7307152452146175,1.0
24,-1.0,1.0,0.9398564180670939,0.9678498514325518,1.0,0.9507682447893803,0.8092103336348624,1.0
25,-1.0,1.0,1.0,1.0,1.0,0.9015364895787605,0.8877054220551073,1.0
26,0.0,1.0,0.011274762176257572,1.0,-0.2739686433110231,1.0,1.0,1.0
27,1.0,1.0,-0.9774504756474849,1.0,-1.0,1.0,1.0,1.0
28,-0.2739686433110231,1.0,-0.507522266613938,0.8021671793244547,0.0,1.0,0.8653576226073088,1.0
29,-1.0,1.0,-0.03759405758039101,0.6043343586489094,1.0,1.0,0.7307152452146175,1.0
30,0.0,1.0,-1.0,0.9950727344109205,-0.2739686433110231,1.0,1.0,1.0
31,1.0,1.0,-1.0,1.0,-1.0,1.0,1.0,1.0
32,0.011274762176257572,1.0,0.0,1.0,-0.5300717909664531,0.9507682447893803,1.0,1.0
33,-0.9774504756474849,1.0,1.0,1.0,-0.06014358193290613,0.9015364895787605,1.0,1.0
34,0.022549524352515116,1.0,0.011274762176257572,1.0,-1.0,1.0,1.0,1.0
35,1.0,1.0,-0.9774504756474849,1.0,-1.0,1.0,1.0,1.0
36,-0.2739686433110231,1.0,-0.507522266613938,0.8021671793244547,0.0,1.0,0.8653576226073088,1.0
37,-1.0,1.0,-0.03759405758039101,0.6043343586489094,1.0,1.0,0.7307152452146175,1.0
38,0.0,1.0,-1.0,0.9950727344109205,-0.2739686433110231,1.0,1.0,1.0
39,1.0,1.0,-1.0,1.0,-1.0,1.0,1.0,1.0
40,0.011274762176257572,1.0,0.0,1.0,-0.5300717909664531,0.9507682447893803,1.0,1.0
41,-0.9774504756474849,1.0,1.0,1.0,-0.06014358193290613,0.9015364895787605,1.0,1.0
42,0.022549524352515116,1.0,0.011274762176257572,1.0,-1.0,1.0,1.0,1.0
43,1.0,1.0,-0.9774504756474849,1.0,-1.0,1.0,1.0,1.0
44,0.011274762176257572,1.0,0.022549524352515116,1.0,-0.5300717909664531,0.9507682447893803,1.0,1.0
45,-0.9774504756474849,1.0,1.0,1.0,-0.06014358193290613,0.9015364895787605,1.0,1.0
46,0.022549524352515116,1.0,0.011274762176257572,1.0,-1.0,1.0,1.0,1.0
47,1.0,1.0,-0.9774504756474849,1.0,-1.0,1.0,1.0,1.0
48,0.011274762176257572,1.0,0.022549524352515116,1.0,-0.5300717909664531,0.9507682447893803,1.0,1.0
49,-0.9774504756474849,1.0,1.0,1.0,-0.06014358193290613,0.9015364895787605,1.0,1.0
50,0.022549524352515116,1.0,0.011274762176257572,1.0,-1.0,1.0,1.0,1.0
51,1.0,1.0,-0.9774504756474849,1.0,-1.0,1.0,1.0,1.0
52,-0.2739686433110231,1.0,-0.507522266613938,0.8021671793244547,0.0,1.0,0.8653576226073088,1.0
53,-1.0,1.0,-0.03759405758039101,0.6043343586489094,1.0,1.0,0.7307152452146175,1.0
54,0.0,1.0,-1.0,0.9950727344109205,-0.2739686433110231,1.0,1.0,1.0
55,1.0,1.0,-1.0,1.0,-1.0,1.0,1.0,1.0
56,0.011274762176257572,1.0,0.0,1.0,-0.5300717909664531,0.9507682447893803,1.0,1.0
57,-0.9774504756474849,1.0,1.0,1.0,-0.06014358193290613,0.9015364895787605,1.0,1.0
58,0.022549524352515116,1.0,0.011274762176257572,1.0,-1.0,1.0,1.0,1.0
59,1.0,1.0,-0.9774504756474849,1.0,-1.0,1.0,1.0,1.0
60,0.011274762176257572,1.0,0.022549524352515116,1.0,-0.5300717909664531,0.9507682447893803,1.0,1.0
61,-0.9774504756474849,1.0,1.0,1.0,-0.06014358193290613,0.9015364895787605,1.0,1.0
62,0.022549524352515116,1.0,0.011274762176257572,1.0,-1.0,1.0,1.0,1.0
63,1.0,1.0,-0.9774504756474849,1.0,-1.0,1.0,1.0,1.0
64,0.011274762176257572,1.0,0.022549524352515116,1.0,-0.5300717909664531,0.9507682447893803,1.0,1.0
65,-0.9774504756474849,1.0,1.0,1.0,-0.06014358193290613,0.9015364895787605,1.0,1.0
66,-1.0,1.0,1.0,0.8021671793244547,0.9398564180670939,1.0,0.8653576226073088,1.0
67,-1.0,1.0,1.0,0.6043343586489094,1.0,1.0,0.7307152452146175,1.0
68,0.0,1.0,0.011274762176257572,0.9950727344109205,-0.2739686433110231,1.0,1.0,1.0
69,1.0,1.0,-0.9774504756474849,1.0,-1.0,1.0,1.0,1.0
70,-0.2739686433110231,1.0,-0.507522266613938,0.8021671793244547,0.0,1.0,0.8653576226073088,1.0
71,-1.0,1.0,-0.03759405758039101,0.6043343586489094,1.0,1.0,0.7307152452146175,1.0
72,0.0,1.0,-1.0,0.9950727344109205,-0.2739686433110231,1.0,1.0,1.0
73,1.0,1.0,-1.0,1.0,-1.0,1.0,1.0,1.0
74,0.011274762176257572,1.0,0.0,1.0,-0.5300717909664531,0.9507682447893803,1.0,1.0
75,-0.9774504756474849,1.0,1.0,1.0,-0.06014358193290613,0.9015364895787605,1.0,1.0
76,0.022549524352515116,1.0,0.011274762176257572,1.0,-1.0,1.0,1.0,1.0
77,1.0,1.0,-0.9774504756474849,1.0,-1.0,1.0,1.0,1.0
78,-0.2739686433110231,1.0,-0.507522266613938,0.8021671793244547,0.0,1.0,0.8653576226073088,1.0
79,-1.0,1.0,-0.03759405758039101,0.6043343586489094,1.0,1.0,0.7307152452146175,1.0
80,0.0,1.0,-1.0,0.9950727344109205,-0.2739686433110231,1.0,1.0,1.0
81,1.0,1.0,-1.0,1.0,-1.0,1.0,1.0,1.0
82,-0.2739686433110231,1.0,-0.5300717909664531,0.8021671793244547,0.0,1.0,0.8653576226073088,1.0
83,-1.0,1.0,-0.06014358193290613,0.6043343586489094,1.0,1.0,0.7307152452146175,1.0
84,0.0,1.0,-1.0,0.9950727344109205,-0.2739686433110231,1.0,1.0,1.0
85,1.0,1.0,-1.0,1.0,-1.0,1.0,1.0,1.0
86,0.011274762176257572,1.0,0.0,1.0,-0.5300717909664531,0.9507682447893803,1.0,1.0
87,-0.9774504756474849,1.0,1.0,1.0,-0.06014358193290613,0.9015364895787605,1.0,1.0
88,0.022549524352515116,1.0,0.011274762176257572,1.0,-1.0,1.0,1.0,1.0
89,1.0,1.0,-0.9774504756474849,1.0,-1.0,1.0,1.0,1.0
90,-0.2739686433110231,1.0,-0.507522266613938,0.8021671793244547,0.0,1.0,0.8653576226073088,1.0
91,-1.0,1.0,-0.03759405758039101,0.6043343586489094,1.0,1.0,0.7307152452146175,1.0
92,0.0,1.0,-1.0,0.9950727344109205,-0.2739686433110231,1.0,1.0,1.0
93,1.0,1.0,-1.0,1.0,-1.0,1.0,1.0,1.0
94,-0.2739686433110231,1.0,-0.5300717909664531,0.8021671793244547,0.0,1.0,0.8653576226073088,1.0
95,-1.0,1.0,-0.06014358193290613,0.6043343586489094,1.0,1.0,0.7307152452146175,1.0
96,0.0,1.0,-1.0,0.9950727344109205,-0.2739686433110231,1.0,1.0,1.0
97,1.0,1.0,-1.0,1.0,-1.0,1.0,1.0,1.0
98,-0.2739686433110231,1.0,-0.5300717909664531,0.8021671793244547,0.0,1.0,0.8653576226073088,1.0
99,-1.0,1.0,-0.06014358193290613,0.6043343586489094,1.0,1.0,0.7307152452146175,1.0
100,0.0,1.0,-1.0,0.9950727344109205,-0.2739686433110231,1.0,1.0,1.0
101,1.0,1.0,-1.0,1.0,-1.0,1.0,1.0,1.0
102,-0.2739686433110231,1.0,-0.5300717909664531,0.8021671793244547,0.0,1.0,0.8653576226073088,1.0
103,-1.0,1.0,-0.06014358193290613,0.6043343586489094,1.0,1.0,0.7307152452146175,1.0
104,0.0,1.0,-1.0,0.9950727344109205,-0.2739686433110231,1.0,1.0,1.0
105,1.0,1.0,-1.0,1.0,-1.0,1.0,1.0,1.0
106,0.011274762176257572,1.0,0.0,1.0,-0.5300717909664531,0.9507682447893803,1.0,1.0
107,-0.9774504756474849,1.0,1.0,1.0,-0.06014358193290613,0.9015364895787605,1.0,1.0
108,0.022549524352515116,1.0,0.011274762176257572,1.0,-1.0,1.0,1.0,1.0
109,1.0,1.0,-0.9774504756474849,1.0,-1.0,1.0,1.0,1.0
110,-0.2739686433110231,1.0,-0.507522266613938,0.8021671793244547,0.0,1.0,0.8653576226073088,1.0
111,-1.0,1.0,-0.03759405758039101,0.6043343586489094,1.0,1.0,0.7307152452146175,1.0
112,0.0,1.0,-1.0,0.9950727344109205,-0.2739686433110231,1.0,1.0,1.0
113,1.0,1.0,-1.0,1.0,-1.0,1.0,1.0,1.0
114,-0.2739686433110231,1.0,-0.5300717909664531,0.8021671793244547,0.0,1.0,0.8653576226073088,1.0
115,-1.0,1.0,-0.06014358193290613,0.6043343586489094,1.0,1.0,0.7307152452146175,1.0
116,0.0,1.0,-1.0,0.9950727344109205,-0.2739686433110231,1.0,1.0,1.0
117,1.0,1.0,-1.0,1.0,-1.0,1.0,1.0,1.0
118,-0.2739686433110231,1.0,-0.5300717909664531,0.8021671793244547,0.0,1.0,0.8653576226073088,1.0
119,-1.0,1.0,-0.06014358193290613,0.6043343586489094,1.0,1.0,0.7307152452146175,1.0
120,0.0,1.0,-1.0,0.9950727344109205,-0.2739686433110231,1.0,1.0,1.0
121,1.0,1.0,-1.0,1.0,-1.0,1.0,1.0,1.0
122,0.011274762176257572,1.0,0.0,1.0,-0.5300717909664531,0.9507682447893803,1.0,1.0
123,-0.9774504756474849,1.0,1.0,1.0,-0.06014358193290613,0.9015364895787605,1.0,1.0
124,0.022549524352515116,1.0,0.011274762176257572,1.0,-1.0,1.0,1.0,1.0
125,1.0,1.0,-0.9774504756474849,1.0,-1.0,1.0,1.0,1.0
126,-0.2739686433110231,1.0,-0.507522266613938,0.8021671793244547,0.0,1.0,0.8653576226073088,1.0
127,-1.0,1.0,-0.03759405758039101,0.6043343586489094,1.0,1.0,0.7307152452146175,1.0
128,0.0,1.0,-1.0,0.9950727344109205,-0.2739686433110231,1.0,1.0,1.0
129,1.0,1.0,-1.0,1.0,-1.0,1.0,1.0,1.0
130,0.011274762176257572,1.0,0.0,1.0,-0.5300717909664531,0.9507682447893803,1.0,1.0
131,-0.9774504756474849,1.0,1.0,1.0,-0.06014358193290613,0.9015364895787605,1.0,1.0
132,0.022549524352515116,1.0,0.011274762176257572,1.0,-1.0,1.0,1.0,1.0
133,1.0,1.0,-0.9774504756474849,1.0,-1.0,1.0,1.0,1.0
134,0.011274762176257572,1.0,0.022549524352515116,1.0,-0.5300717909664531,0.9507682447893803,1.0,1.0
135,-0.9774504756474849,1.0,1.0,1.0,-0.06014358193290613,0.9015364895787605,1.0,1.0
136,0.022549524352515116,1.0,0.011274762176257572,1.0,-1.0,1.0,1.0,1.0
137,1.0,1.0,-0.9774504756474849,1.0,-1.0,1.0,1.0,1.0
138,-0.2739686433110231,1.0,-0.507522266613938,0.8021671793244547,0.0,1.0,0.8653576226073088,1.0
139,-1.0,1.0,-0.03759405758039101,0.6043343586489094,1.0,1.0,0.7307152452146175,1.0
140,0.0,1.0,-1.0,0.9950727344109205,-0.2739686433110231,1.0,1.0,1.0
141,1.0,1.0,-1.0,1.0,-1.0,1.0,1.0,1.0
142,-0.2739686433110231,1.0,-0.5300717909664531,0.8021671793244547,0.0,1.0,0.8653576226073088,1.0
143,-1.0,1.0,-0.06014358193290613,0.6043343586489094,1.0,1.0,0.7307152452146175,1.0
144,0.0,1.0,-1.0,0.9950727344109205,-0.2739686433110231,1.0,1.0,1.0
145,1.0,1.0,-1.0,1.0,-1.0,1.0,1.0,1.0
146,-0.2739686433110231,1.0,-0.5300717909664531,0.8021671793244547,0.0,1.0,0.8653576226073088,1.0
147,-1.0,1.0,-0.06014358193290613,0.6043343586489094,1.0,1.0,0.7307152452146175,1.0
148,-1.0,1.0,0.9398564180670939,0.9678498514325518,1.0,0.9507682447893803,0.8092103336348624,1.0
149,-1.0,1.0,1.0,1.0,1.0,0.9015364895787605,0.8877054220551073,1.0
150,0.0,1.0,0.011274762176257572,1.0,-0.2739686433110231,1.0,1.0,1.0
151,1.0,1.0,-0.9774504756474849,1.0,-1.0,1.0,1.0,1.0
152,-0.2739686433110231,1.0,-0.507522266613938,0.8021671793244547,0.0,1.0,0.8653576226073088,1.0
153,-1.0,1.0,-0.03759405758039101,0.6043343586489094,1.0,1.0,0.7307152452146175,1.0
154,0.0,1.0,-1.0,0.9950727344109205,-0.2739686433110231,1.0,1.0,1.0
155,1.0,1.0,-1.0,1.0,-1.0,1.0,1.0,1.0
156,0.011274762176257572,1.0,0.0,1.0,-0.5300717909664531,0.9507682447893803,1.0,1.0
157,-0.9774504756474849,1.0,1.0,1.0,-0.06014358193290613,0.9015364895787605,1.0,1.0
158,0.022549524352515116,1.0,0.011274762176257572,1.0,-1.0,1.0,1.0,1.0
159,1.0,1.0,-0.9774504756474849,1.0,-1.0,1.0,1.0,1.0
160,0.011274762176257572,1.0,0.022549524352515116,1.0,-0.5300717909664531,0.9507682447893803,1.0,1.0
161,-0.9774504756474849,1.0,1.0,1.0,-0.06014358193290613,0.9015364895787605,1.0,1.0
162,0.022549524352515116,1.0,0.011274762176257572,1.0,-1.0,1.0,1.0,1.0
163,1.0,1.0,-0.9774504756474849,1.0,-1.0,1.0,1.0,1.0
164,0.011274762176257572,1.0,0.022549524352515116,1.0,-0.5300717909664531,0.9507682447893803,1.0,1.0
165,-0.9774504756474849,1.0,1.0,1.0,-0.06014358193290613,0.9015364895787605,1.0,1.0
166,0.022549524352515116,1.0,0.011274762176257572,1.0,-1.0,1.0,1.0,1.0
167,1.0,1.0,-0.9774504756474849,1.0,-1.0,1.0,1.0,1.0
168,-0.2739686433110231,1.0,-0.507522266613938,0.8021671793244547,0.0,1.0,0.8653576226073088,1.0
169,-1.0,1.0,-0.03759405758039101,0.6043343586489094,1.0,1.0,0.7307152452146175,1.0
170,0.0,1.0,-1.0,0.9950727344109205,-0.2739686433110231,1.0,1.0,1.0
171,1.0,1.0,-1.0,1.0,-1.0,1.0,1.0,1.0
172,-0.2739686433110231,1.0,-0.5300717909664531,0.8021671793244547,0.0,1.0,0.8653576226073088,1.0
173,-1.0,1.0,-0.06014358193290613,0.6043343586489094,1.0,1.0,0.7307152452146175,1.0
174,0.0,1.0,-1.0,0.9950727344109205,-0.2739686433110231,1.0,1.0,1.0
175,1.0,1.0,-1.0,1.0,-1.0,1.0,1.0,1.0
176,-0.2739686433110231,1.0,-0.5300717909664531,0.8021671793244547,0.0,1.0,0.8653576226073088,1.0
177,-1.0,1.0,-0.06014358193290613,0.6043343586489094,1.0,1.0,0.7307152452146175,1.0
178,0.0,1.0,-1.0,0.9950727344109205,-0.2739686433110231,1.0,1.0,1.0
179,1.0,1.0,-1.0,1.0,-1.0,1.0,1.0,1.0
180,0.011274762176257572,1.0,0.0,1.0,-0.5300717909664531,0.9507682447893803,1.0,1.0
181,-0.9774504756474849,1.0,1.0,1.0,-0.06014358193290613,0.9015364895787605,1.0,1.0
182,0.022549524352515116,1.0,0.011274762176257572,1.0,-1.0,1.0,1.0,1.0
183,1.0,1.0,-0.9774504756474849,1.0,-1.0,1.0,1.0,1.0
184,0.011274762176257572,1.0,0.022549524352515116,1.0,-0.5300717909664531,0.9507682447893803,1.0,1.0
185,-0.9774504756474849,1.0,1.0,1.0,-0.06014358193290613,0.9015364895787605,1.0,1.0
186,0.022549524352515116,1.0,0.011274762176257572,1.0,-1.0,1.0,1.0,1.0
187,1.0,1.0,-0.9774504756474849,1.0,-1.0,1.0,1.0,1.0
188,-0.2739686433110231,1.0,-0.507522266613938,0.8021671793244547,0.0,1.0,0.8653576226073088,1.0
189,-1.0,1.0,-0.03759405758039101,0.6043343586489094,1.0,1.0,0.7307152452146175,1.0
190,0.0,1.0,-1.0,0.9950727344109205,-0.2739686433110231,1.0,1.0,1.0
191,1.0,1.0,-1.0,1.0,-1.0,1.0,1.0,1.0
192,0.011274762176257572,1.0,0.0,1.0,-0.5300717909664531,0.9507682447893803,1.0,1.0
193,-0.9774504756474849,1.0,1.0,1.0,-0.06014358193290613,0.9015364895787605,1.0,1.0
194,0.022549524352515116,1.0,0.011274762176257572,1.0,-1.0,1.0,1.0,1.0
195,1.0,1.0,-0.9774504756474849,1.0,-1.0,1.0,1.0,1.0
196,-0.2739686433110231,1.0,-0.507522266613938,0.8021671793244547,0.0,1.0,0.8653576226073088,1.0
197,-1.0,1.0,-0.03759405758039101,0.6043343586489094,1.0,1.0,0.7307152452146175,1.0
198,0.0,1.0,-1.0,0.9950727344109205,-0.2739686433110231,1.0,1.0,1.0
199,1.0,1.0,-1.0,1.0,-1.0,1.0,1.0,1.0
200,-0.2739686433110231,1.0,-0.5300717909664531,0.8021671793244547,0.0,1.0,0.8653576226073088,1.0
201,-1.0,1.0,-0.06014358193290613,0.6043343586489094,1.0,1.0,0.7307152452146175,1.0
202,0.0,1.0,-1.0,0.9950727344109205,-0.2739686433110231,1.0,1.0,1.0
203,1.0,1.0,-1.0,1.0,-1.0,1.0,1.0,1.0
204,-0.2739686433110231,1.0,-0.5300717909664531,0.8021671793244547,0.0,1.0,0.8653576226073088,1.0
205,-1.0,1.0,-0.06014358193290613,0.6043343586489094,1.0,1.0,0.7307152452146175,1.0
206,0.0,1.0,-1.0,0.9950727344109205,-0.2739686433110231,1.0,1.0,1.0
207,1.0,1.0,-1.0,1.0,-1.0,1.0,1.0,1.0
208,0.011274762176257572,1.0,0.0,1.0,-0.5300717909664531,0.9507682447893803,1.0,1.0
209,-0.9774504756474849,1.0,1.0,1.0,-0.06014358193290613,0.9015364895787605,1.0,1.0
210,0.022549524352515116,1.0,0.011274762176257572,1.0,-1.0,1.0,1.0,1.0
211,1.0,1.0,-0.9774504756474849,1.0,-1.0,1.0,1.0,1.0
212,0.011274762176257572,1.0,0.022549524352515116,1.0,-0.5300717909664531,0.9507682447893803,1.0,1.0
213,-0.9774504756474849,1.0,1.0,1.0,-0.06014358193290613,0.9015364895787605,1.0,1.0
214,0.022549524352515116,1.0,0.011274762176257572,1.0,-1.0,1.0,1.0,1.0
215,1.0,1.0,-0.9774504756474849,1.0,-1.0,1.0,1.0,1.0
216,-0.2739686433110231,1.0,-0.507522266613938,0.8021671793244547,0.0,1.0,0.8653576226073088,1.0
217,-1.0,1.0,-0.03759405758039101,0.6043343586489094,1.0,1.0,0.7307152452146175,1.0
218,0.0,1.0,-1.0,0.9950727344109205,-0.2739686433110231,1.0,1.0,1.0
219,1.0,1.0,-1.0,1.0,-1.0,1.0,1.0,1.0
220,0.011274762176257572,1.0,0.0,1.0,-0.5300717909664531,0.9507682447893803,1.0,1.0
221,-0.9774504756474849,1.0,1.0,1.0,-0.06014358193290613,0.9015364895787605,1.0,1.0
222,0.022549524352515116,1.0,0.011274762176257572,1.0,-1.0,1.0,1.0,1.0
223,1.0,1.0,-0.9774504756474849,1.0,-1.0,1.0,1.0,1.0
224,-0.2739686433110231,1.0,-0.507522266613938,0.8021671793244547,0.0,1.0,0.8653576226073088,1.0
225,-1.0,1.0,-0.03759405758039101,0.6043343586489094,1.0,1.0,0.7307152452146175,1.0
226,0.0,1.0,-1.0,0.9950727344109205,-0.2739686433110231,1.0,1.0,1.0
227,1.0,1.0,-1.0,1.0,-1.0,1.0,1.0,1.0
228,-0.2739686433110231,1.0,-0.5300717909664531,0.8021671793244547,0.0,1.0,0.8653576226073088,1.0
229,-1.0,1.0,-0.06014358193290613,0.6043343586489094,1.0,1.0,0.7307152452146175,1.0
230,0.0,1.0,-1.0,0.9950727344109205,-0.2739686433110231,1.0,1.0,1.0
231,1.0,1.0,-1.0,1.0,-1.0,1.0,1.0,1.0
232,0.011274762176257572,1.0,0.0,1.0,-0.5300717909664531,0.9507682447893803,1.0,1.0
233,-0.9774504756474849,1.0,1.0,1.0,-0.06014358193290613,0.9015364895787605,1.0,1.0
234,0.022549524352515116,1.0,0.011274762176257572,1.0,-1.0,1.0,1.0,1.0
235,1.0,1.0,-0.9774504756474849,1.0,-1.0,1.0,1.0,1.0
236,0.011274762176257572,1.0,0.022549524352515116,1.0,-0.5300717909664531,0.9507682447893803,1.0,1.0
237,-0.9774504756474849,1.0,1.0,1.0,-0.06014358193290613,0.9015364895787605,1.0,1.0
238,0.022549524352515116,1.0,0.011274762176257572,1.0,-1.0,1.0,1.0,1.0
239,1.0,1.0,-0.9774504756474849,1.0,-1.0,1.0,1.0,1.0
240,-0.2739686433110231,1.0,-0.507522266613938,0.8021671793244547,0.0,1.0,0.8653576226073088,1.0
241,-1.0,1.0,-0.03759405758039101,0.6043343586489094,1.0,1.0,0.7307152452146175,1.0
242,0.0,1.0,-1.0,0.9950727344109205,-0.2739686433110231,1.0,1.0,1.0
243,1.0,1.0,-1.0,1.0,-1.0,1.0,1.0,1.0
244,0.011274762176257572,1.0,0.0,1.0,-0.5300717909664531,0.9507682447893803,1.0,1.0
245,-0.9774504756474849,1.0,1.0,1.0,-0.06014358193290613,0.9015364895787605,1.0,1.0
246,0.022549524352515116,1.0,0.011274762176257572,1.0,-1.0,1.0,1.0,1.0
247,1.0,1.0,-0.9774504756474849,1.0,-1.0,1.0,1.0,1.0
248,0.011274762176257572,1.0,0.022549524352515116,1.0,-0.5300717909664531,0.9507682447893803,1.0,1.0
249,-0.9774504756474849,1.0,1.0,1.0,-0.06014358193290613,0.9015364895787605,1.0,1.0
250,0.022549524352515116,1.0,0.011274762176257572,1.0,-1.0,1.0,1.0,1.0
251,1.0,1.0,-0.9774504756474849,1.0,-1.0,1.0,1.0,1.0
252,-0.2739686433110231,1.0,-0.507522266613938,0.8021671793244547,0.0,1.0,0.8653576226073088,1.0
253,-1.0,1.0,-0.03759405758039101,0.6043343586489094,1.0,1.0,0.7307152452146175,1.0
254,0.0,1.0,-1.0,0.9950727344109205,-0.2739686433110231,1.0,1.0,1.0
255,1.0,1.0,-1.0,1.0,-1.0,1.0,1.0,1.0
256,0.011274762176257572,1.0,0.0,1.0,-0.5300717909664531,0.9507682447893803,1.0,1.0
257,-0.9774504756474849,1.0,1.0,1.0,-0.06014358193290613,0.9015364895787605,1.0,1.0
258,0.022549524352515116,1.0,0.011274762176257572,1.0,-1.0,1.0,1.0,1.0
259,1.0,1.0,-0.9774504756474849,1.0,-1.0,1.0,1.0,1.0
260,-0.2739686433110231,1.0,-0.507522266613938,0.8021671793244547,0.0,1.0,0.8653576226073088,1.0
261,-1.0,1.0,-0.03759405758039101,0.6043343586489094,1.0,1.0,0.7307152452146175,1.0
262,0.0,1.0,-1.0,0.9950727344109205,-0.2739686433110231,1.0,1.0,1.0
263,1.0,1.0,-1.0,1.0,-1.0,1.0,1.0,1.0
264,0.011274762176257572,1.0,0.0,1.0,-0.5300717909664531,0.9507682447893803,1.0,1.0
265,-0.9774504756474849,1.0,1.0,1.0,-0.06014358193290613,0.9015364895787605,1.0,1.0
266,0.022549524352515116,1.0,0.011274762176257572,1.0,-1.0,1.0,1.0,1.0
267,1.0,1.0,-0.9774504756474849,1.0,-1.0,1.0,1.0,1.0
268,0.011274762176257572,1.0,0.022549524352515116,1.0,-0.5300717909664531,0.9507682447893803,1.0,1.0
269,-0.9774504756474849,1.0,1.0,1.0,-0.06014358193290613,0.9015364895787605,1.0,1.0
270,-1.0,1.0,1.0,0.8021671793244547,0.9398564180670939,1.0,0.8653576226073088,1.0
271,-1.0,1.0,1.0,0.6043343586489094,1.0,1.0,0.7307152452146175,1.0
272,0.0,1.0,0.011274762176257572,0.9950727344109205,-0.2739686433110231,1.0,1.0,1.0
273,1.0,1.0,-0.9774504756474849,1.0,-1.0,1.0,1.0,1.0
274,-0.2739686433110231,1.0,-0.507522266613938,0.8021671793244547,0.0,1.0,0.8653576226073088,1.0
275,-1.0,1.0,-0.03759405758039101,0.6043343586489094,1.0,1.0,0.7307152452146175,1.0
276,0.0,1.0,-1.0,0.9950727344109205,-0.2739686433110231,1.0,1.0,1.0
277,1.0,1.0,-1.0,1.0,-1.0,1.0,1.0,1.0
278,-0.2739686433110231,1.0,-0.5300717909664531,0.8021671793244547,0.0,1.0,0.8653576226073088,1.0
279,-1.0,1.0,-0.06014358193290613,0.6043343586489094,1.0,1.0,0.7307152452146175,1.0
280,0.0,1.0,-1.0,0.9950727344109205,-0.2739686433110231,1.0,1.0,1.0
281,1.0,1.0,-1.0,1.0,-1.0,1.0,1.0,1.0
282,-0.2739686433110231,1.0,-0.5300717909664531,0.8021671793244547,0.0,1.0,0.8653576226073088,1.0
283,-1.0,1.0,-0.06014358193290613,0.6043343586489094,1.0,1.0,0.7307152452146175,1.0
284,0.0,1.0,-1.0,0.9950727344109205,-0.2739686433110231,1.0,1.0,1.0
285,1.0,1.0,-1.0,1.0,-1.0,1.0,1.0,1.0
286,-0.2739686433110231,1.0,-0.5300717909664531,0.8021671793244547,0.0,1.0,0.8653576226073088,1.0
287,-1.0,1.0,-0.06014358193290613,0.6043343586489094,1.0,1.0,0.7307152452146175,1.0
288,0.0,1.0,-1.0,0.9950727344109205,-0.2739686433110231,1.0,1.0,1.0
289,1.0,1.0,-1.0,1.0,-1.0,1.0,1.0,1.0
290,0.011274762176257572,1.0,0.0,1.0,-0.5300717909664531,0.9507682447893803,1.0,1.0
291,-0.9774504756474849,1.0,1.0,1.0,-0.06014358193290613,0.9015364895787605,1.0,1.0
292,0.022549524352515116,1.0,0.011274762176257572,1.0,-1.0,1.0,1.0,1.0
293,1.0,1.0,-0.9774504756474849,1.0,-1.0,1.0,1.0,1.0
294,0.011274762176257572,1.0,0.022549524352515116,1.0,-0.5300717909664531,0.9507682447893803,1.0,1.0
295,-0.9774504756474849,1.0,1.0,1.0,-0.06014358193290613,0.9015364895787605,1.0,1.0
296,0.022549524352515116,1.0,0.011274762176257572,1.0,-1.0,1.0,1.0,1.0
297,1.0,1.0,-0.9774504756474849,1.0,-1.0,1.0,1.0,1.0
298,-0.2739686433110231,1.0,-0.507522266613938,0.8021671793244547,0.0,1.0,0.8653576226073088,1.0
299,-1.0,1.0,-0.03759405758039101,0.6043343586489094,1.0,1.0,0.7307152452146175,1.0
300,0.0,1.0,-1.0,0.9950727344109205,-0.2739686433110231,1.0,1.0,1.0
301,1.0,1.0,-1.0,1.0,-1.0,1.0,1.0,1.0
302,-0.2739686433110231,1.0,-0.5300717909664531,0.8021671793244547,0.0,1.0,0.8653576226073088,1.0
303,-1.0,1.0,-0.06014358193290613,0.6043343586489094,1.0,1.0,0.7307152452146175,1.0
304,0.0,1.0,-1.0,0.9950727344109205,-0.2739686433110231,1.0,1.0,1.0
305,1.0,1.0,-1.0,1.0,-1.0,1.0,1.0,1.0
306,-0.2739686433110231,1.0,-0.5300717909664531,0.8021671793244547,0.0,1.0,0.8653576226073088,1.0
307,-1.0,1.0,-0.06014358193290613,0.6043343586489094,1.0,1.0,0.7307152452146175,1.0
308,0.0,1.0,-1.0,0.9950727344109205,-0.2739686433110231,1.0,1.0,1.0
309,1.0,1.0,-1.0,1.0,-1.0,1.0,1.0,1.0
310,0.011274762176257572,1.0,0.0,1.0,-0.5300717909664531,0.9507682447893803,1.0,1.0
311,-0.9774504756474849,1.0,1.0,1.0,-0.06014358193290613,0.9015364895787605,1.0,1.0
312,0.022549524352515116,1.0,0.011274762176257572,1.0,-1.0,1.0,1.0,1.0
313,1.0,1.0,-0.9774504756474849,1.0,-1.0,1.0,1.0,1.0
314,-0.2739686433110231,1.0,-0.507522266613938,0.8021671793244547,0.0,1.0,0.8653576226073088,1.0
315,-1.0,1.0,-0.03759405758039101,0.6043343586489094,1.0,1.0,0.7307152452146175,1.0
316,0.0,1.0,-1.0,0.9950727344109205,-0.2739686433110231,1.0,1.0,1.0
317,1.0,1.0,-1.0,1.0,-1.0,1.0,1.0,1.0
318,0.011274762176257572,1.0,0.0,1.0,-0.5300717909664531,0.9507682447893803,1.0,1.0
319,-0.9774504756474849,1.0,1.0,1.0,-0.06014358193290613,0.9015364895787605,1.0,1.0
320,0.022549524352515116,1.0,0.011274762176257572,1.0,-1.0,1.0,1.0,1.0
321,1.0,1.0,-0.9774504756474849,1.0,-1.0,1.0,1.0,1.0
322,-0.2739686433110231,1.0,-0.507522266613938,0.8021671793244547,0.0,1.0,0.8653576226073088,1.0
323,-1.0,1.0,-0.03759405758039101,0.6043343586489094,1.0,1.0,0.7307152452146175,1.0
324,-1.0,1.0,0.962405942419609,0.9678498514325518,1.0,0.9507682447893803,0.8092103336348624,1.0
325,-1.0,1.0,1.0,1.0,1.0,0.9015364895787605,0.8877054220551073,1.0
326,0.0,1.0,0.011274762176257572,1.0,-0.2739686433110231,1.0,1.0,1.0
327,1.0,1.0,-0.9774504756474849,1.0,-1.0,1.0,1.0,1.0
328,0.011274762176257572,1.0,0.022549524352515116,1.0,-0.5300717909664531,0.9507682447893803,1.0,1.0
329,-0.9774504756474849,1.0,1.0,1.0,-0.06014358193290613,0.9015364895787605,1.0,1.0
330,0.022549524352515116,1.0,0.011274762176257572,1.0,-1.0,1.0,1.0,1.0
331,1.0,1.0,-0.9774504756474849,1.0,-1.0,1.0,1.0,1.0
332,0.011274762176257572,1.0,0.022549524352515116,1.0,-0.5300717909664531,0.9507682447893803,1.0,1.0
333,-0.9774504756474849,1.0,1.0,1.0,-0.06014358193290613,0.9015364895787605,1.0,1.0
334,0.022549524352515116,1.0,0.011274762176257572,1.0,-1.0,1.0,1.0,1.0
335,1.0,1.0,-0.9774504756474849,1.0,-1.0,1.0,1.0,1.0
336,-0.2739686433110231,1.0,-0.507522266613938,0.8021671793244547,0.0,1.0,0.8653576226073088,1.0
337,-1.0,1.0,-0.03759405758039101,0.6043343586489094,1.0,1.0,0.7307152452146175,1.0
338,0.0,1.0,-1.0,0.9950727344109205,-0.2739686433110231,1.0,1.0,1.0
339,1.0,1.0,-1.0,1.0,-1.0,1.0,1.0,1.0
340,-0.2739686433110231,1.0,-0.5300717909664531,0.8021671793244547,0.0,1.0,0.8653576226073088,1.0
341,-1.0,1.0,-0.06014358193290613,0.6043343586489094,1.0,1.0,0.7307152452146175,1.0
342,0.0,1.0,-1.0,0.9950727344109205,-0.2739686433110231,1.0,1.0,1.0
343,1.0,1.0,-1.0,1.0,-1.0,1.0,1.0,1.0
344,0.011274762176257572,1.0,0.0,1.0,-0.5300717909664531,0.9507682447893803,1.0,1.0
345,-0.9774504756474849,1.0,1.0,1.0,-0.06014358193290613,0.9015364895787605,1.0,1.0
346,0.022549524352515116,1.0,0.011274762176257572,1.0,-1.0,1.0,1.0,1.0
347,1.0,1.0,-0.9774504756474849,1.0,-1.0,1.0,1.0,1.0
348,0.011274762176257572,1.0,0.022549524352515116,1.0,-0.5300717909664531,0.9507682447893803,1.0,1.0
349,-0.9774504756474849,1.0,1.0,1.0,-0.06014358193290613,0.9015364895787605,1.0,1.0
350,0.022549524352515116,1.0,0.011274762176257572,1.0,-1.0,1.0,1.0,1.0
351,1.0,1.0,-0.9774504756474849,1.0,-1.0,1.0,1.0,1.0
352,-0.2739686433110231,1.0,-0.507522266613938,0.8021671793244547,0.0,1.0,0.8653576226073088,1.0
353,-1.0,1.0,-0.03759405758039101,0.6043343586489094,1.0,1.0,0.7307152452146175,1.0
354,0.0,1.0,-1.0,0.9950727344109205,-0.2739686433110231,1.0,1.0,1.0
355,1.0,1.0,-1.0,1.0,-1.0,1.0,1.0,1.0
356,-0.2739686433110231,1.0,-0.5300717909664531,0.8021671793244547,0.0,1.0,0.8653576226073088,1.0
357,-1.0,1.0,-0.06014358193290613,0.6043343586489094,1.0,1.0,0.7307152452146175,1.0
358,0.0,1.0,-1.0,0.9950727344109205,-0.2739686433110231,1.0,1.0,1.0
359,1.0,1.0,-1.0,1.0,-1.0,1.0,1.0,1.0
360,-0.2739686433110231,1.0,-0.5300717909664531,0.8021671793244547,0.0,1.0,0.8653576226073088,1.0
361,-1.0,1.0,-0.06014358193290613,0.6043343586489094,1.0,1.0,0.7307152452146175,1.0
362,0.0,1.0,-1.0,0.9950727344109205,-0.2739686433110231,1.0,1.0,1.0
363,1.0,1.0,-1.0,1.0,-1.0,1.0,1.0,1.0
364,0.011274762176257572,1.0,0.0,1.0,-0.5300717909664531,0.9507682447893803,1.0,1.0
365,-0.9774504756474849,1.0,1.0,1.0,-0.06014358193290613,0.9015364895787605,1.0,1.0
366,0.022549524352515116,1.0,0.011274762176257572,1.0,-1.0,1.0,1.0,1.0
367,1.0,1.0,-0.9774504756474849,1.0,-1.0,1.0,1.0,1.0
368,-0.2739686433110231,1.0,-0.507522266613938,0.8021671793244547,0.0,1.0,0.8653576226073088,1.0
369,-1.0,1.0,-0.03759405758039101,0.6043343586489094,1.0,1.0,0.7307152452146175,1.0
370,0.0,1.0,-1.0,0.9950727344109205,-0.2739686433110231,1.0,1.0,1.0
371,1.0,1.0,-1.0,1.0,-1.0,1.0,1.0,1.0
372,0.011274762176257572,1.0,0.0,1.0,-0.5300717909664531,0.9507682447893803,1.0,1.0
373,-0.9774504756474849,1.0,1.0,1.0,-0.06014358193290613,0.9015364895787605,1.0,1.0
374,0.022549524352515116,1.0,0.011274762176257572,1.0,-1.0,1.0,1.0,1.0
375,1.0,1.0,-0.9774504756474849,1.0,-1.0,1.0,1.0,1.0
376,0.011274762176257572,1.0,0.022549524352515116,1.0,-0.5300717909664531,0.9507682447893803,1.0,1.0
377,-0.9774504756474849,1.0,1.0,1.0,-0.06014358193290613,0.9015364895787605,1.0,1.0
378,0.022549524352515116,1.0,0.011274762176257572,1.0,-1.0,1.0,1.0,1.0
379,1.0,1.0,-0.9774504756474849,1.0,-1.0,1.0,1.0,1.0
380,-0.2739686433110231,1.0,-0.507522266613938,0.8021671793244547,0.0,1.0,0.8653576226073088,1.0
381,-1.0,1.0,-0.03759405758039101,0.6043343586489094,1.0,1.0,0.7307152452146175,1.0
382,0.0,1.0,-1.0,0.9950727344109205,-0.2739686433110231,1.0,1.0,1.0
383,1.0,1.0,-1.0,1.0,-1.0,1.0,1.0,1.0
384,0.011274762176257572,1.0,0.0,1.0,-0.5300717909664531,0.9507682447893803,1.0,1.0
385,-0.9774504756474849,1.0,1.0,1.0,-0.06014358193290613,0.9015364895787605,1.0,1.0
386,0.022549524352515116,1.0,0.011274762176257572,1.0,-1.0,1.0,1.0,1.0
387,1.0,1.0,-0.9774504756474849,1.0,-1.0,1.0,1.0,1.0
388,-0.2739686433110231,1.0,-0.507522266613938,0.8021671793244547,0.0,1.0,0.8653576226073088,1.0
389,-1.0,1.0,-0.03759405758039101,0.6043343586489094,1.0,1.0,0.7307152452146175,1.0
390,0.0,1.0,-1.0,0.9950727344109205,-0.2739686433110231,1.0,1.0,1.0
391,1.0,1.0,-1.0,1.0,-1.0,1.0,1.0,1.0
392,-0.2739686433110231,1.0,-0.5300717909664531,0.8021671793244547,0.0,1.0,0.8653576226073088,1.0
393,-1.0,1.0,-0.06014358193290613,0.6043343586489094,1.0,1.0,0.7307152452146175,1.0
394,0.0,1.0,-1.0,0.9950727344109205,-0.2739686433110231,1.0,1.0,1.0
395,1.0,1.0,-1.0,1.0,-1.0,1.0,1.0,1.0
396,0.011274762176257572,1.0,0.0,1.0,-0.5300717909664531,0.9507682447893803,1.0,1.0
397,-0.9774504756474849,1.0,1.0,1.0,-0.06014358193290613,0.9015364895787605,1.0,1.0
398,0.022549524352515116,1.0,0.011274762176257572,1.0,-1.0,1.0,1.0,1.0
399,1.0,1.0,-0.9774504756474849,1.0,-1.0,1.0,1.0,1.0
400,0.011274762176257572,1.0,0.022549524352515116,1.0,-0.5300717909664531,0.9507682447893803,1.0,1.0
401,-0.9774504756474849,1.0,1.0,1.0,-0.06014358193290613,0.9015364895787605,1.0,1.0
402,0.022549524352515116,1.0,0.011274762176257572,1.0,-1.0,1.0,1.0,1.0
403,1.0,1.0,-0.9774504756474849,1.0,-1.0,1.0,1.0,1.0
404,0.011274762176257572,1.0,0.022549524352515116,1.0,-0.5300717909664531,0.9507682447893803,1.0,1.0
405,-0.9774504756474849,1.0,1.0,1.0,-0.06014358193290613,0.9015364895787605,1.0,1.0
406,0.022549524352515116,1.0,0.011274762176257572,1.0,-1.0,1.0,1.0,1.0
407,1.0,1.0,-0.9774504756474849,1.0,-1.0,1.0,1.0,1.0
408,-0.2739686433110231,1.0,-0.507522266613938,0.8021671793244547,0.0,1.0,0.8653576226073088,1.0
409,-1.0,1.0,-0.03759405758039101,0.6043343586489094,1.0,1.0,0.7307152452146175,1.0
410,0.0,1.0,-1.0,0.9950727344109205,-0.2739686433110231,1.0,1.0,1.0
411,1.0,1.0,-1.0,1.0,-1.0,1.0,1.0,1.0
412,-0.2739686433110231,1.0,-0.5300717909664531,0.8021671793244547,0.0,1.0,0.8653576226073088,1.0
413,-1.0,1.0,-0.06014358193290613,0.6043343586489094,1.0,1.0,0.7307152452146175,1.0
414,0.0,1.0,-1.0,0.9950727344109205,-0.2739686433110231,1.0,1.0,1.0
415,1.0,1.0,-1.0,1.0,-1.0,1.0,1.0,1.0
416,0.011274762176257572,1.0,0.0,1.0,-0.5300717909664531,0.9507682447893803,1.0,1.0
417,-0.9774504756474849,1.0,1.0,1.0,-0.06014358193290613,0.9015364895787605,1.0,1.0
418,0.022549524352515116,1.0,0.011274762176257572,1.0,-1.0,1.0,1.0,1.0
419,1.0,1.0,-0.9774504756474849,1.0,-1.0,1.0,1.0,1.0
420,-0.2739686433110231,1.0,-0.507522266613938,0.8021671793244547,0.0,1.0,0.8653576226073088,1.0
421,-1.0,1.0,-0.03759405758039101,0.6043343586489094,1.0,1.0,0.7307152452146175,1.0
422,0.0,1.0,-1.0,0.9950727344109205,-0.2739686433110231,1.0,1.0,1.0
423,1.0,1.0,-1.0,1.0,-1.0,1.0,1.0,1.0
424,-0.2739686433110231,1.0,-0.5300717909664531,0.8021671793244547,0.0,1.0,0.8653576226073088,1.0
425,-1.0,1.0,-0.06014358193290613,0.6043343586489094,1.0,1.0,0.7307152452146175,1.0
426,0.0,1.0,-1.0,0.9950727344109205,-0.2739686433110231,1.0,1.0,1.0
427,1.0,1.0,-1.0,1.0,-1.0,1.0,1.0,1.0
428,0.011274762176257572,1.0,0.0,1.0,-0.5300717909664531,0.9507682447893803,1.0,1.0
429,-0.9774504756474849,1.0,1.0,1.0,-0.06014358193290613,0.9015364895787605,1.0,1.0
430,0.022549524352515116,1.0,0.011274762176257572,1.0,-1.0,1.0,1.0,1.0
431,1.0,1.0,-0.9774504756474849,1.0,-1.0,1.0,1.0,1.0
432,0.011274762176257572,1.0,0.022549524352515116,1.0,-0.5300717909664531,0.9507682447893803,1.0,1.0
433,-0.9774504756474849,1.0,1.0,1.0,-0.06014358193290613,0.9015364895787605,1.0,1.0
434,0.022549524352515116,1.0,0.011274762176257572,1.0,-1.0,1.0,1.0,1.0
435,1.0,1.0,-0.9774504756474849,1.0,-1.0,1.0,1.0,1.0
436,0.011274762176257572,1.0,0.022549524352515116,1.0,-0.5300717909664531,0.9507682447893803,1.0,1.0
437,-0.9774504756474849,1.0,1.0,1.0,-0.06014358193290613,0.9015364895787605,1.0,1.0
438,-1.0,1.0,1.0,0.8021671793244547,0.9398564180670939,1.0,0.8653576226073088,1.0
439,-1.0,1.0,1.0,0.6043343586489094,1.0,1.0,0.7307152452146175,1.0
440,0.0,1.0,0.011274762176257572,0.9950727344109205,-0.2739686433110231,1.0,1.0,1.0
441,1.0,1.0,-0.9774504756474849,1.0,-1.0,1.0,1.0,1.0
442,0.011274762176257572,1.0,0.022549524352515116,1.0,-0.5300717909664531,0.9507682447893803,1.0,1.0
443,-0.9774504756474849,1.0,1.0,1.0,-0.06014358193290613,0.9015364895787605,1.0,1.0
444,0.022549524352515116,1.0,0.011274762176257572,1.0,-1.0,1.0,1.0,1.0
445,1.0,1.0,-0.9774504756474849,1.0,-1.0,1.0,1.0,1.0
446,0.011274762176257572,1.0,0.022549524352515116,1.0,-0.5300717909664531,0.9507682447893803,1.0,1.0
447,-0.9774504756474849,1.0,1.0,1.0,-0.06014358193290613,0.9015364895787605,1.0,1.0
448,-1.0,1.0,1.0,0.8021671793244547,0.9398564180670939,1.0,0.8653576226073088,1.0
449,-1.0,1.0,1.0,0.6043343586489094,1.0,1.0,0.7307152452146175,1.0
450,0.0,1.0,0.011274762176257572,0.9950727344109205,-0.2739686433110231,1.0,1.0,1.0
451,1.0,1.0,-0.9774504756474849,1.0,-1.0,1.0,1.0,1.0
452,0.011274762176257572,1.0,0.022549524352515116,1.0,-0.5300717909664531,0.9507682447893803,1.0,1.0
453,-0.9774504756474849,1.0,1.0,1.0,-0.06014358193290613,0.9015364895787605,1.0,1.0
454,0.022549524352515116,1.0,0.011274762176257572,1.0,-1.0,1.0,1.0,1.0
455,1.0,1.0,-0.9774504756474849,1.0,-1.0,1.0,1.0,1.0
456,-0.2739686433110231,1.0,-0.507522266613938,0.8021671793244547,0.0,1.0,0.8653576226073088,1.0
457,-1.0,1.0,-0.03759405758039101,0.6043343586489094,1.0,1.0,0.7307152452146175,1.0
458,0.0,1.0,-1.0,0.9950727344109205,-0.2739686433110231,1.0,1.0,1.0
459,1.0,1.0,-1.0,1.0,-1.0,1.0,1.0,1.0
460,0.011274762176257572,1.0,0.0,1.0,-0.5300717909664531,0.9507682447893803,1.0,1.0
461,-0.9774504756474849,1.0,1.0,1.0,-0.06014358193290613,0.9015364895787605,1.0,1.0
462,0.022549524352515116,1.0,0.011274762176257572,1.0,-1.0,1.0,1.0,1.0
463,1.0,1.0,-0.9774504756474849,1.0,-1.0,1.0,1.0,1.0
464,-0.2739686433110231,1.0,-0.507522266613938,0.8021671793244547,0.0,1.0,0.8653576226073088,1.0
465,-1.0,1.0,-0.03759405758039101,0.6043343586489094,1.0,1.0,0.7307152452146175,1.0
466,0.0,1.0,-1.0,0.9950727344109205,-0.2739686433110231,1.0,1.0,1.0
467,1.0,1.0,-1.0,1.0,-1.0,1.0,1.0,1.0
468,0.011274762176257572,1.0,0.0,1.0,-0.5300717909664531,0.9507682447893803,1.0,1.0
469,-0.9774504756474849,1.0,1.0,1.0,-0.06014358193290613,0.9015364895787605,1.0,1.0
470,0.022549524352515116,1.0,0.011274762176257572,1.0,-1.0,1.0,1.0,1.0
471,1.0,1.0,-0.9774504756474849,1.0,-1.0,1.0,1.0,1.0
472,0.011274762176257572,1.0,0.022549524352515116,1.0,-0.5300717909664531,0.9507682447893803,1.0,1.0
473,-0.9774504756474849,1.0,1.0,1.0,-0.06014358193290613,0.9015364895787605,1.0,1.0
474,0.022549524352515116,1.0,0.011274762176257572,1.0,-1.0,1.0,1.0,1.0
475,1.0,1.0,-0.9774504756474849,1.0,-1.0,1.0,1.0,1.0
476,-0.2739686433110231,1.0,-0.507522266613938,0.8021671793244547,0.0,1.0,0.8653576226073088,1.0
477,-1.0,1.0,-0.03759405758039101,0.6043343586489094,1.0,1.0,0.7307152452146175,1.0
478,0.0,1.0,-1.0,0.9950727344109205,-0.2739686433110231,1.0,1.0,1.0
479,1.0,1.0,-1.0,1.0,-1.0,1.0,1.0,1.0
480,0.011274762176257572,1.0,0.0,1.0,-0.5300717909664531,0.9507682447893803,1.0,1.0
481,-0.9774504756474849,1.0,1.0,1.0,-0.06014358193290613,0.9015364895787605,1.0,1.0
482,0.022549524352515116,1.0,0.011274762176257572,1.0,-1.0,1.0,1.0,1.0
483,1.0,1.0,-0.9774504756474849,1.0,-1.0,1.0,1.0,1.0
484,0.011274762176257572,1.0,0.022549524352515116,1.0,-0.5300717909664531,0.9507682447893803,1.0,1.0
485,-0.9774504756474849,1.0,1.0,1.0,-0.06014358193290613,0.9015364895787605,1.0,1.0
486,0.022549524352515116,1.0,0.011274762176257572,1.0,-1.0,1.0,1.0,1.0
487,1.0,1.0,-0.9774504756474849,1.0,-1.0,1.0,1.0,1.0
488,-0.2739686433110231,1.0,-0.507522266613938,0.8021671793244547,0.0,1.0,0.8653576226073088,1.0
489,-1.0,1.0,-0.03759405758039101,0.6043343586489094,1.0,1.0,0.7307152452146175,1.0
490,0.0,1.0,-1.0,0.9950727344109205,-0.2739686433110231,1.0,1.0,1.0
491,1.0,1.0,-1.0,1.0,-1.0,1.0,1.0,1.0
492,0.011274762176257572,1.0,0.0,1.0,-0.5300717909664531,0.9507682447893803,1.0,1.0
493,-0.9774504756474849,1.0,1.0,1.0,-0.06014358193290613,0.9015364895787605,1.0,1.0
494,-1.0,1.0,1.0,0.8021671793244547,0.9398564180670939,1.0,0.8653576226073088,1.0
495,-1.0,1.0,1.0,0.6043343586489094,1.0,1.0,0.7307152452146175,1.0
496,0.0,1.0,0.011274762176257572,0.9950727344109205,-0.2739686433110231,1.0,1.0,1.0
497,1.0,1.0,-0.9774504756474849,1.0,-1.0,1.0,1.0,1.0
498,-0.2739686433110231,1.0,-0.507522266613938,0.8021671793244547,0.0,1.0,0.8653576226073088,1.0
499,-1.0,1.0,-0.03759405758039101,0.6043343586489094,1.0,1.0,0.7307152452146175,1.0
500,0.0,1.0,-1.0,0.9950727344109205,-0.2739686433110231,1.0,1.0,1.0
501,1.0,1.0,-1.0,1.0,-1.0,1.0,1.0,1.0
502,-0.2739686433110231,1.0,-0.5300717909664531,0.8021671793244547,0.0,1.0,0.8653576226073088,1.0
503,-1.0,1.0,-0.06014358193290613,0.6043343586489094,1.0,1.0,0.7307152452146175,1.0
504,0.0,1.0,-1.0,0.9950727344109205,-0.2739686433110231,1.0,1.0,1.0
505,1.0,1.0,-1.0,1.0,-1.0,1.0,1.0,1.0
506,-0.2739686433110231,1.0,-0.5300717909664531,0.8021671793244547,0.0,1.0,0.8653576226073088,1.0
507,-1.0,1.0,-0.06014358193290613,0.6043343586489094,1.0,1.0,0.7307152452146175,1.0
508,0.0,1.0,-1.0,0.9950727344109205,-0.2739686433110231,1.0,1.0,1.0
509,1.0,1.0,-1.0,1.0,-1.0,1.0,1.0,1.0
510,0.011274762176257572,1.0,0.0,1.0,-0.5300717909664531,0.9507682447893803,1.0,1.0
511,-0.9774504756474849,1.0,1.0,1.0,-0.06014358193290613,0.9015364895787605,1.0,1.0
512,0.022549524352515116,1.0,0.011274762176257572,1.0,-1.0,1.0,1.0,1.0
513,1.0,1.0,-0.9774504756474849,1.0,-1.0,1.0,1.0,1.0
514,0.011274762176257572,1.0,0.022549524352515116,1.0,-0.5300717909664531,0.9507682447893803,1.0,1.0
515,-0.9774504756474849,1.0,1.0,1.0,-0.06014358193290613,0.9015364895787605,1.0,1.0
516,0.022549524352515116,1.0,0.011274762176257572,1.0,-1.0,1.0,1.0,1.0
517,1.0,1.0,-0.9774504756474849,1.0,-1.0,1.0,1.0,1.0
518,0.011274762176257572,1.0,0.022549524352515116,1.0,-0.5300717909664531,0.9507682447893803,1.0,1.0
519,-0.9774504756474849,1.0,1.0,1.0,-0.06014358193290613,0.9015364895787605,1.0,1.0
520,0.022549524352515116,1.0,0.011274762176257572,1.0,-1.0,1.0,1.0,1.0
521,1.0,1.0,-0.9774504756474849,1.0,-1.0,1.0,1.0,1.0
522,-0.2739686433110231,1.0,-0.507522266613938,0.8021671793244547,0.0,1.0,0.8653576226073088,1.0
523,-1.0,1.0,-0.03759405758039101,0.6043343586489094,1.0,1.0,0.7307152452146175,1.0
524,0.0,1.0,-1.0,0.9950727344109205,-0.2739686433110231,1.0,1.0,1.0
525,1.0,1.0,-1.0,1.0,-1.0,1.0,1.0,1.0
526,-0.2739686433110231,1.0,-0.5300717909664531,0.8021671793244547,0.0,1.0,0.8653576226073088,1.0
527,-1.0,1.0,-0.06014358193290613,0.6043343586489094,1.0,1.0,0.7307152452146175,1.0
528,0.0,1.0,-1.0,0.9950727344109205,-0.2739686433110231,1.0,1.0,1.0
529,1.0,1.0,-1.0,1.0,-1.0,1.0,1.0,1.0
530,0.011274762176257572,1.0,0.0,1.0,-0.5300717909664531,0.9507682447893803,1.0,1.0
531,-0.9774504756474849,1.0,1.0,1.0,-0.06014358193290613,0.9015364895787605,1.0,1.0
532,0.022549524352515116,1.0,0.011274762176257572,1.0,-1.0,1.0,1.0,1.0
533,1.0,1.0,-0.9774504756474849,1.0,-1.0,1.0,1.0,1.0
534,-0.2739686433110231,1.0,-0.507522266613938,0.8021671793244547,0.0,1.0,0.8653576226073088,1.0
535,-1.0,1.0,-0.03759405758039101,0.6043343586489094,1.0,1.0,0.7307152452146175,1.0
536,0.0,1.0,-1.0,0.9950727344109205,-0.2739686433110231,1.0,1.0,1.0
537,1.0,1.0,-1.0,1.0,-1.0,1.0,1.0,1.0
538,-0.2739686433110231,1.0,-0.5300717909664531,0.8021671793244547,0.0,1.0,0.8653576226073088,1.0
539,-1.0,1.0,-0.06014358193290613,0.6043343586489094,1.0,1.0,0.7307152452146175,1.0
540,0.0,1.0,-1.0,0.9950727344109205,-0.2739686433110231,1.0,1.0,1.0
541,1.0,1.0,-1.0,1.0,-1.0,1.0,1.0,1.0
542,-0.2739686433110231,1.0,-0.5300717909664531,0.8021671793244547,0.0,1.0,0.8653576226073088,1.0
543,-1.0,1.0,-0.06014358193290613,0.6043343586489094,1.0,1.0,0.7307152452146175,1.0
544,0.0,1.0,-1.0,0.9950727344109205,-0.2739686433110231,1.0,1.0,1.0
545,1.0,1.0,-1.0,1.0,-1.0,1.0,1.0,1.0
546,-0.2739686433110231,1.0,-0.5300717909664531,0.8021671793244547,0.0,1.0,0.8653576226073088,1.0
547,-1.0,1.0,-0.06014358193290613,0.6043343586489094,1.0,1.0,0.7307152452146175,1.0
548,0.0,1.0,-1.0,0.9950727344109205,-0.2739686433110231,1.0,1.0,1.0
549,1.0,1.0,-1.0,1.0,-1.0,1.0,1.0,1.0
550,0.011274762176257572,1.0,0.0,1.0,-0.5300717909664531,0.9507682447893803,1.0,1.0
551,-0.9774504756474849,1.0,1.0,1.0,-0.06014358193290613,0.9015364895787605,1.0,1.0
552,0.022549524352515116,1.0,0.011274762176257572,1.0,-1.0,1.0,1.0,1.0
553,1.0,1.0,-0.9774504756474849,1.0,-1.0,1.0,1.0,1.0
554,0.011274762176257572,1.0,0.022549524352515116,1.0,-0.5300717909664531,0.9507682447893803,1.0,1.0
555,-0.9774504756474849,1.0,1.0,1.0,-0.06014358193290613,0.9015364895787605,1.0,1.0
556,0.022549524352515116,1.0,0.011274762176257572,1.0,-1.0,1.0,1.0,1.0
557,1.0,1.0,-0.9774504756474849,1.0,-1.0,1.0,1.0,1.0
558,-0.2739686433110231,1.0,-0.507522266613938,0.8021671793244547,0.0,1.0,0.8653576226073088,1.0
559,-1.0,1.0,-0.03759405758039101,0.6043343586489094,1.0,1.0,0.7307152452146175,1.0
560,0.0,1.0,-1.0,0.9950727344109205,-0.2739686433110231,1.0,1.0,1.0
561,1.0,1.0,-1.0,1.0,-1.0,1.0,1.0,1.0
562,-0.2739686433110231,1.0,-0.5300717909664531,0.8021671793244547,0.0,1.0,0.8653576226073088,1.0
563,-1.0,1.0,-0.06014358193290613,0.6043343586489094,1.0,1.0,0.7307152452146175,1.0
564,0.0,1.0,-1.0,0.9950727344109205,-0.2739686433110231,1.0,1.0,1.0
565,1.0,1.0,-1.0,1.0,-1.0,1.0,1.0,1.0
566,-0.2739686433110231,1.0,-0.5300717909664531,0.8021671793244547,0.0,1.0,0.8653576226073088,1.0
567,-1.0,1.0,-0.06014358193290613,0.6043343586489094,1.0,1.0,0.7307152452146175,1.0
568,0.0,1.0,-1.0,0.9950727344109205,-0.2739686433110231,1.0,1.0,1.0
569,1.0,1.0,-1.0,1.0,-1.0,1.0,1.0,1.0
570,-0.2739686433110231,1.0,-0.5300717909664531,0.8021671793244547,0.0,1.0,0.8653576226073088,1.0
571,-1.0,1.0,-0.06014358193290613,0.6043343586489094,1.0,1.0,0.7307152452146175,1.0
572,0.0,1.0,-1.0,0.9950727344109205,-0.2739686433110231,1.0,1.0,1.0
573,1.0,1.0,-1.0,1.0,-1.0,1.0,1.0,1.0
574,-0.2739686433110231,1.0,-0.5300717909664531,0.8021671793244547,0.0,1.0,0.8653576226073088,1.0
575,-1.0,1.0,-0.06014358193290613,0.6043343586489094,1.0,1.0,0.7307152452146175,1.0
576,0.0,1.0,-1.0,0.9950727344109205,-0.2739686433110231,1.0,1.0,1.0
577,1.0,1.0,-1.0,1.0,-1.0,1.0,1.0,1.0
578,-0.2739686433110231,1.0,-0.5300717909664531,0.8021671793244547,0.0,1.0,0.8653576226073088,1.0
579,-1.0,1.0,-0.06014358193290613,0.6043343586489094,1.0,1.0,0.7307152452146175,1.0
580,-1.0,1.0,0.9398564180670939,0.9678498514325518,1.0,0.9507682447893803,0.8092103336348624,1.0
581,-1.0,1.0,1.0,1.0,1.0,0.9015364895787605,0.8877054220551073,1.0
582,0.0,1.0,0.011274762176257572,1.0,-0.2739686433110231,1.0,1.0,1.0
583,1.0,1.0,-0.9774504756474849,1.0,-1.0,1.0,1.0,1.0
584,0.011274762176257572,1.0,0.022549524352515116,1.0,-0.5300717909664531,0.9507682447893803,1.0,1.0
585,-0.9774504756474849,1.0,1.0,1.0,-0.06014358193290613,0.9015364895787605,1.0,1.0
586,0.022549524352515116,1.0,0.011274762176257572,1.0,-1.0,1.0,1.0,1.0
587,1.0,1.0,-0.9774504756474849,1.0,-1.0,1.0,1.0,1.0
588,-0.2739686433110231,1.0,-0.507522266613938,0.8021671793244547,0.0,1.0,0.8653576226073088,1.0
589,-1.0,1.0,-0.03759405758039101,0.6043343586489094,1.0,1.0,0.7307152452146175,1.0
590,0.0,1.0,-1.0,0.9950727344109205,-0.2739686433110231,1.0,1.0,1.0
591,1.0,1.0,-1.0,1.0,-1.0,1.0,1.0,1.0
592,0.011274762176257572,1.0,0.0,1.0,-0.5300717909664531,0.9507682447893803,1.0,1.0
593,-0.9774504756474849,1.0,1.0,1.0,-0.06014358193290613,0.9015364895787605,1.0,1.0
594,0.022549524352515116,1.0,0.011274762176257572,1.0,-1.0,1.0,1.0,1.0
595,1.0,1.0,-0.9774504756474849,1.0,-1.0,1.0,1.0,1.0
596,-0.2739686433110231,1.0,-0.507522266613938,0.8021671793244547,0.0,1.0,0.8653576226073088,1.0
597,-1.0,1.0,-0.03759405758039101,0.6043343586489094,1.0,1.0,0.7307152452146175,1.0
598,0.0,1.0,-1.0,0.9950727344109205,-0.2739686433110231,1.0,1.0,1.0
599,1.0,1.0,-1.0,1.0,-1.0,1.0,1.0,1.0
600,-0.2739686433110231,1.0,-0.5300717909664531,0.8021671793244547,0.0,1.0,0.8653576226073088,1.0
601,-1.0,1.0,-0.06014358193290613,0.6043343586489094,1.0,1.0,0.7307152452146175,1.0
602,0.0,1.0,-1.0,0.9950727344109205,-0.2739686433110231,1.0,1.0,1.0
603,1.0,1.0,-1.0,1.0,-1.0,1.0,1.0,1.0
604,-0.2739686433110231,1.0,-0.5300717909664531,0.8021671793244547,0.0,1.0,0.8653576226073088,1.0
605,-1.0,1.0,-0.06014358193290613,0.6043343586489094,1.0,1.0,0.7307152452146175,1.0
606,-1.0,1.0,0.9398564180670939,0.9678498514325518,1.0,0.9507682447893803,0.8092103336348624,1.0
607,-1.0,1.0,1.0,1.0,1.0,0.9015364895787605,0.8877054220551073,1.0
608,0.0,1.0,0.011274762176257572,1.0,-0.2739686433110231,1.0,1.0,1.0
609,1.0,1.0,-0.9774504756474849,1.0,-1.0,1.0,1.0,1.0
610,-0.2739686433110231,1.0,-0.507522266613938,0.8021671793244547,0.0,1.0,0.8653576226073088,1.0
611,-1.0,1.0,-0.03759405758039101,0.6043343586489094,1.0,1.0,0.7307152452146175,1.0
612,0.0,1.0,-1.0,0.9950727344109205,-0.2739686433110231,1.0,1.0,1.0
613,1.0,1.0,-1.0,1.0,-1.0,1.0,1.0,1.0
614,0.011274762176257572,1.0,0.0,1.0,-0.5300717909664531,0.9507682447893803,1.0,1.0
615,-0.9774504756474849,1.0,1.0,1.0,-0.06014358193290613,0.9015364895787605,1.0,1.0
616,0.022549524352515116,1.0,0.011274762176257572,1.0,-1.0,1.0,1.0,1.0
617,1.0,1.0,-0.9774504756474849,1.0,-1.0,1.0,1.0,1.0
618,0.011274762176257572,1.0,0.022549524352515116,1.0,-0.5300717909664531,0.9507682447893803,1.0,1.0
619,-0.9774504756474849,1.0,1.0,1.0,-0.06014358193290613,0.9015364895787605,1.0,1.0
620,0.022549524352515116,1.0,0.011274762176257572,1.0,-1.0,1.0,1.0,1.0
621,1.0,1.0,-0.9774504756474849,1.0,-1.0,1.0,1.0,1.0
622,-0.2739686433110231,1.0,-0.507522266613938,0.8021671793244547,0.0,1.0,0.8653576226073088,1.0
623,-1.0,1.0,-0.03759405758039101,0.6043343586489094,1.0,1.0,0.7307152452146175,1.0
624,0.0,1.0,-1.0,0.9950727344109205,-0.2739686433110231,1.0,1.0,1.0
625,1.0,1.0,-1.0,1.0,-1.0,1.0,1.0,1.0
626,-0.2739686433110231,1.0,-0.5300717909664531,0.8021671793244547,0.0,1.0,0.8653576226073088,1.0
627,-1.0,1.0,-0.06014358193290613,0.6043343586489094,1.0,1.0,0.7307152452146175,1.0
628,0.0,1.0,-1.0,0.9950727344109205,-0.2739686433110231,1.0,1.0,1.0
629,1.0,1.0,-1.0,1.0,-1.0,1.0,1.0,1.0
630,-0.2739686433110231,1.0,-0.5300717909664531,0.8021671793244547,0.0,1.0,0.8653576226073088,1.0
631,-1.0,1.0,-0.06014358193290613,0.6043343586489094,1.0,1.0,0.7307152452146175,1.0
632,0.0,1.0,-1.0,0.9950727344109205,-0.2739686433110231,1.0,1.0,1.0
633,1.0,1.0,-1.0,1.0,-1.0,1.0,1.0,1.0
634,-0.2739686433110231,1.0,-0.5300717909664531,0.8021671793244547,0.0,1.0,0.8653576226073088,1.0
635,-1.0,1.0,-0.06014358193290613,0.6043343586489094,1.0,1.0,0.7307152452146175,1.0
636,0.0,1.0,-1.0,0.9950727344109205,-0.2739686433110231,1.0,1.0,1.0
637,1.0,1.0,-1.0,1.0,-1.0,1.0,1.0,1.0
638,-0.2739686433110231,1.0,-0.5300717909664531,0.8021671793244547,0.0,1.0,0.8653576226073088,1.0
639,-1.0,1.0,-0.06014358193290613,0.6043343586489094,1.0,1.0,0.7307152452146175,1.0
640,0.0,1.0,-1.0,0.9950727344109205,-0.2739686433110231,1.0,1.0,1.0
641,1.0,1.0,-1.0,1.0,-1.0,1.0,1.0,1.0
642,0.011274762176257572,1.0,0.0,1.0,-0.5300717909664531,0.9507682447893803,1.0,1.0
643,-0.9774504756474849,1.0,1.0,1.0,-0.06014358193290613,0.9015364895787605,1.0,1.0
644,0.022549524352515116,1.0,0.011274762176257572,1.0,-1.0,1.0,1.0,1.0
645,1.0,1.0,-0.9774504756474849,1.0,-1.0,1.0,1.0,1.0
646,-0.2739686433110231,1.0,-0.507522266613938,0.8021671793244547,0.0,1.0,0.8653576226073088,1.0
647,-1.0,1.0,-0.03759405758039101,0.6043343586489094,1.0,1.0,0.7307152452146175,1.0
648,0.0,1.0,-1.0,0.9950727344109205,-0.2739686433110231,1.0,1.0,1.0
649,1.0,1.0,-1.0,1.0,-1.0,1.0,1.0,1.0
650,-0.2739686433110231,1.0,-0.5300717909664531,0.8021671793244547,0.0,1.0,0.8653576226073088,1.0
651,-1.0,1.0,-0.06014358193290613,0.6043343586489094,1.0,1.0,0.7307152452146175,1.0
652,0.0,1.0,-1.0,0.9950727344109205,-0.2739686433110231,1.0,1.0,1.0
653,1.0,1.0,-1.0,1.0,-1.0,1.0,1.0,1.0
654,-0.2739686433110231,1.0,-0.5300717909664531,0.8021671793244547,0.0,1.0,0.8653576226073088,1.0
655,-1.0,1.0,-0.06014358193290613,0.6043343586489094,1.0,1.0,0.7307152452146175,1.0
656,0.0,1.0,-1.0,0.9950727344109205,-0.2739686433110231,1.0,1.0,1.0
657,1.0,1.0,-1.0,1.0,-1.0,1.0,1.0,1.0
658,0.011274762176257572,1.0,0.0,1.0,-0.5300717909664531,0.9507682447893803,1.0,1.0
659,-0.9774504756474849,1.0,1.0,1.0,-0.06014358193290613,0.9015364895787605,1.0,1.0
660,0.022549524352515116,1.0,0.011274762176257572,1.0,-1.0,1.0,1.0,1.0
661,1.0,1.0,-0.9774504756474849,1.0,-1.0,1.0,1.0,1.0
662,-0.2739686433110231,1.0,-0.507522266613938,0.8021671793244547,0.0,1.0,0.8653576226073088,1.0
663,-1.0,1.0,-0.03759405758039101,0.6043343586489094,1.0,1.0,0.7307152452146175,1.0
664,0.0,1.0,-1.0,0.9950727344109205,-0.2739686433110231,1.0,1.0,1.0
665,1.0,1.0,-1.0,1.0,-1.0,1.0,1.0,1.0
666,0.011274762176257572,1.0,0.0,1.0,-0.5300717909664531,0.9507682447893803,1.0,1.0
667,-0.9774504756474849,1.0,1.0,1.0,-0.06014358193290613,0.9015364895787605,1.0,1.0
668,0.022549524352515116,1.0,0.011274762176257572,1.0,-1.0,1.0,1.0,1.0
669,1.0,1.0,-0.9774504756474849,1.0,-1.0,1.0,1.0,1.0
670,-0.2739686433110231,1.0,-0.507522266613938,0.8021671793244547,0.0,1.0,0.8653576226073088,1.0
671,-1.0,1.0,-0.03759405758039101,0.6043343586489094,1.0,1.0,0.7307152452146175,1.0
672,0.0,1.0,-1.0,0.9950727344109205,-0.2739686433110231,1.0,1.0,1.0
673,1.0,1.0,-1.0,1.0,-1.0,1.0,1.0,1.0
674,0.011274762176257572,1.0,0.0,1.0,-0.5300717909664531,0.9507682447893803,1.0,1.0
675,-0.9774504756474849,1.0,1.0,1.0,-0.06014358193290613,0.9015364895787605,1.0,1.0
676,0.022549524352515116,1.0,0.011274762176257572,1.0,-1.0,1.0,1.0,1.0
677,1.0,1.0,-0.9774504756474849,1.0,-1.0,1.0,1.0,1.0
678,0.011274762176257572,1.0,0.022549524352515116,1.0,-0.5300717909664531,0.9507682447893803,1.0,1.0
679,-0.9774504756474849,1.0,1.0,1.0,-0.06014358193290613,0.9015364895787605,1.0,1.0
680,-1.0,1.0,1.0,0.8021671793244547,0.9398564180670939,1.0,0.8653576226073088,1.0
681,-1.0,1.0,1.0,0.6043343586489094,1.0,1.0,0.7307152452146175,1.0
682,0.0,1.0,0.011274762176257572,0.9950727344109205,-0.2739686433110231,1.0,1.0,1.0
683,1.0,1.0,-0.9774504756474849,1.0,-1.0,1.0,1.0,1.0
684,0.011274762176257572,1.0,0.022549524352515116,1.0,-0.5300717909664531,0.9507682447893803,1.0,1.0
685,-0.9774504756474849,1.0,1.0,1.0,-0.06014358193290613,0.9015364895787605,1.0,1.0
686,0.022549524352515116,1.0,0.011274762176257572,1.0,-1.0,1.0,1.0,1.0
687,1.0,1.0,-0.9774504756474849,1.0,-1.0,1.0,1.0,1.0
688,-0.2739686433110231,1.0,-0.507522266613938,0.8021671793244547,0.0,1.0,0.8653576226073088,1.0
689,-1.0,1.0,-0.03759405758039101,0.6043343586489094,1.0,1.0,0.7307152452146175,1.0
690,0.0,1.0,-1.0,0.9950727344109205,-0.2739686433110231,1.0,1.0,1.0
691,1.0,1.0,-1.0,1.0,-1.0,1.0,1.0,1.0
692,0.011274762176257572,1.0,0.0,1.0,-0.5300717909664531,0.9507682447893803,1.0,1.0
693,-0.9774504756474849,1.0,1.0,1.0,-0.06014358193290613,0.9015364895787605,1.0,1.0
694,0.022549524352515116,1.0,0.011274762176257572,1.0,-1.0,1.0,1.0,1.0
695,1.0,1.0,-0.9774504756474849,1.0,-1.0,1.0,1.0,1.0
696,-0.2739686433110231,1.0,-0.507522266613938,0.8021671793244547,0.0,1.0,0.8653576226073088,1.0
697,-1.0,1.0,-0.03759405758039101,0.6043343586489094,1.0,1.0,0.7307152452146175,1.0
698,0.0,1.0,-1.0,0.9950727344109205,-0.2739686433110231,1.0,1.0,1.0
699,1.0,1.0,-1.0,1.0,-1.0,1.0,1.0,1.0
700,-0.2739686433110231,1.0,-0.5300717909664531,0.8021671793244547,0.0,1.0,0.8653576226073088,1.0
701,-1.0,1.0,-0.06014358193290613,0.6043343586489094,1.0,1.0,0.7307152452146175,1.0
702,0.0,1.0,-1.0,0.9950727344109205,-0.2739686433110231,1.0,1.0,1.0
703,1.0,1.0,-1.0,1.0,-1.0,1.0,1.0,1.0
704,0.011274762176257572,1.0,0.0,1.0,-0.5300717909664531,0.9507682447893803,1.0,1.0
705,-0.9774504756474849,1.0,1.0,1.0,-0.06014358193290613,0.9015364895787605,1.0,1.0
706,0.022549524352515116,1.0,0.011274762176257572,1.0,-1.0,1.0,1.0,1.0
707,1.0,1.0,-0.9774504756474849,1.0,-1.0,1.0,1.0,1.0
708,0.011274762176257572,1.0,0.022549524352515116,1.0,-0.5300717909664531,0.9507682447893803,1.0,1.0
709,-0.9774504756474849,1.0,1.0,1.0,-0.06014358193290613,0.9015364895787605,1.0,1.0
710,0.022549524352515116,1.0,0.011274762176257572,1.0,-1.0,1.0,1.0,1.0
711,1.0,1.0,-0.9774504756474849,1.0,-1.0,1.0,1.0,1.0
712,0.011274762176257572,1.0,0.022549524352515116,1.0,-0.5300717909664531,0.9507682447893803,1.0,1.0
713,-0.9774504756474849,1.0,1.0,1.0,-0.06014358193290613,0.9015364895787605,1.0,1.0
714,0.022549524352515116,1.0,0.011274762176257572,1.0,-1.0,1.0,1.0,1.0
715,1.0,1.0,-0.9774504756474849,1.0,-1.0,1.0,1.0,1.0
716,0.011274762176257572,1.0,0.022549524352515116,1.0,-0.5300717909664531,0.9507682447893803,1.0,1.0
717,-0.9774504756474849,1.0,1.0,1.0,-0.06014358193290613,0.9015364895787605,1.0,1.0
718,0.022549524352515116,1.0,0.011274762176257572,1.0,-1.0,1.0,1.0,1.0
719,1.0,1.0,-0.9774504756474849,1.0,-1.0,1.0,1.0,1.0
720,-0.2739686433110231,1.0,-0.507522266613938,0.8021671793244547,0.0,1.0,0.8653576226073088,1.0
721,-1.0,1.0,-0.03759405758039101,0.6043343586489094,1.0,1.0,0.7307152452146175,1.0
722,0.0,1.0,-1.0,0.9950727344109205,-0.2739686433110231,1.0,1.0,1.0
723,1.0,1.0,-1.0,1.0,-1.0,1.0,1.0,1.0
724,0.011274762176257572,1.0,0.0,1.0,-0.5300717909664531,0.9507682447893803,1.0,1.0
725,-0.9774504756474849,1.0,1.0,1.0,-0.06014358193290613,0.9015364895787605,1.0,1.0
726,0.022549524352515116,1.0,0.011274762176257572,1.0,-1.0,1.0,1.0,1.0
727,1.0,1.0,-0.9774504756474849,1.0,-1.0,1.0,1.0,1.0
728,-0.2739686433110231,1.0,-0.507522266613938,0.8021671793244547,0.0,1.0,0.8653576226073088,1.0
729,-1.0,1.0,-0.03759405758039101,0.6043343586489094,1.0,1.0,0.7307152452146175,1.0
730,0.0,1.0,-1.0,0.9950727344109205,-0.2739686433110231,1.0,1.0,1.0
731,1.0,1.0,-1.0,1.0,-1.0,1.0,1.0,1.0
732,0.011274762176257572,1.0,0.0,1.0,-0.5300717909664531,0.9507682447893803,1.0,1.0
733,-0.9774504756474849,1.0,1.0,1.0,-0.06014358193290613,0.9015364895787605,1.0,1.0
734,0.022549524352515116,1.0,0.011274762176257572,1.0,-1.0,1.0,1.0,1.0
735,1.0,1.0,-0.9774504756474849,1.0,-1.0,1.0,1.0,1.0
736,-0.2739686433110231,1.0,-0.507522266613938,0.8021671793244547,0.0,1.0,0.8653576226073088,1.0
737,-1.0,1.0,-0.03759405758039101,0.6043343586489094,1.0,1.0,0.7307152452146175,1.0
738,0.0,1.0,-1.0,0.9950727344109205,-0.2739686433110231,1.0,1.0,1.0
739,1.0,1.0,-1.0,1.0,-1.0,1.0,1.0,1.0
740,-0.2739686433110231,1.0,-0.5300717909664531,0.8021671793244547,0.0,1.0,0.8653576226073088,1.0
741,-1.0,1.0,-0.06014358193290613,0.6043343586489094,1.0,1.0,0.7307152452146175,1.0
742,0.0,1.0,-1.0,0.9950727344109205,-0.2739686433110231,1.0,1.0,1.0
743,1.0,1.0,-1.0,1.0,-1.0,1.0,1.0,1.0
744,-0.2739686433110231,1.0,-0.5300717909664531,0.8021671793244547,0.0,1.0,0.8653576226073088,1.0
745,-1.0,1.0,-0.06014358193290613,0.6043343586489094,1.0,1.0,0.7307152452146175,1.0
746,0.0,1.0,-1.0,0.9950727344109205,-0.2739686433110231,1.0,1.0,1.0
747,1.0,1.0,-1.0,1.0,-1.0,1.0,1.0,1.0
748,-0.2739686433110231,1.0,-0.5300717909664531,0.8021671793244547,0.0,1.0,0.8653576226073088,1.0
749,-1.0,1.0,-0.06014358193290613,0.6043343586489094,1.0,1.0,0.7307152452146175,1.0
750,0.0,1.0,-1.0,0.9950727344109205,-0.2739686433110231,1.0,1.0,1.0
751,1.0,1.0,-1.0,1.0,-1.0,1.0,1.0,1.0
752,-0.2739686433110231,1.0,-0.5300717909664531,0.8021671793244547,0.0,1.0,0.8653576226073088,1.0
753,-1.0,1.0,-0.06014358193290613,0.6043343586489094,1.0,1.0,0.7307152452146175,1.0
754,0.0,1.0,-1.0,0.9950727344109205,-0.2739686433110231,1.0,1.0,1.0
755,1.0,1.0,-1.0,1.0,-1.0,1.0,1.0,1.0
756,0.011274762176257572,1.0,0.0,1.0,-0.5300717909664531,0.9507682447893803,1.0,1.0
757,-0.9774504756474849,1.0,1.0,1.0,-0.06014358193290613,0.9015364895787605,1.0,1.0
758,0.022549524352515116,1.0,0.011274762176257572,1.0,-1.0,1.0,1.0,1.0
759,1.0,1.0,-0.9774504756474849,1.0,-1.0,1.0,1.0,1.0
760,0.011274762176257572,1.0,0.022549524352515116,1.0,-0.5300717909664531,0.9507682447893803,1.0,1.0
761,-0.9774504756474849,1.0,1.0,1.0,-0.06014358193290613,0.9015364895787605,1.0,1.0
762,0.022549524352515116,1.0,0.011274762176257572,1.0,-1.0,1.0,1.0,1.0
763,1.0,1.0,-0.9774504756474849,1.0,-1.0,1.0,1.0,1.0
764,-0.2739686433110231,1.0,-0.507522266613938,0.8021671793244547,0.0,1.0,0.8653576226073088,1.0
765,-1.0,1.0,-0.03759405758039101,0.6043343586489094,1.0,1.0,0.7307152452146175,1.0
766,0.0,1.0,-1.0,0.9950727344109205,-0.2739686433110231,1.0,1.0,1.0
767,1.0,1.0,-1.0,1.0,-1.0,1.0,1.0,1.0
768,-0.2739686433110231,1.0,-0.5300717909664531,0.8021671793244547,0.0,1.0,0.8653576226073088,1.0
769,-1.0,1.0,-0.06014358193290613,0.6043343586489094,1.0,1.0,0.7307152452146175,1.0
770,-1.0,1.0,0.9398564180670939,0.9678498514325518,1.0,0.9507682447893803,0.8092103336348624,1.0
771,-1.0,1.0,1.0,1.0,1.0,0.9015364895787605,0.8877054220551073,1.0
772,0.0,1.0,0.011274762176257572,1.0,-0.2739686433110231,1.0,1.0,1.0
773,1.0,1.0,-0.9774504756474849,1.0,-1.0,1.0,1.0,1.0
774,0.011274762176257572,1.0,0.022549524352515116,1.0,-0.5300717909664531,0.9507682447893803,1.0,1.0
775,-0.9774504756474849,1.0,1.0,1.0,-0.06014358193290613,0.9015364895787605,1.0,1.0
776,0.022549524352515116,1.0,0.011274762176257572,1.0,-1.0,1.0,1.0,1.0
777,1.0,1.0,-0.9774504756474849,1.0,-1.0,1.0,1.0,1.0
778,-0.2739686433110231,1.0,-0.507522266613938,0.8021671793244547,0.0,1.0,0.8653576226073088,1.0
779,-1.0,1.0,-0.03759405758039101,0.6043343586489094,1.0,1.0,0.7307152452146175,1.0
780,0.0,1.0,-1.0,0.9950727344109205,-0.2739686433110231,1.0,1.0,1.0
781,1.0,1.0,-1.0,1.0,-1.0,1.0,1.0,1.0
782,0.011274762176257572,1.0,0.0,1.0,-0.5300717909664531,0.9507682447893803,1.0,1.0
783,-0.9774504756474849,1.0,1.0,1.0,-0.06014358193290613,0.9015364895787605,1.0,1.0
784,0.022549524352515116,1.0,0.011274762176257572,1.0,-1.0,1.0,1.0,1.0
785,1.0,1.0,-0.9774504756474849,1.0,-1.0,1.0,1.0,1.0
786,-0.2739686433110231,1.0,-0.507522266613938,0.8021671793244547,0.0,1.0,0.8653576226073088,1.0
787,-1.0,1.0,-0.03759405758039101,0.6043343586489094,1.0,1.0,0.7307152452146175,1.0
788,0.0,1.0,-1.0,0.9950727344109205,-0.2739686433110231,1.0,1.0,1.0
789,1.0,1.0,-1.0,1.0,-1.0,1.0,1.0,1.0
790,-0.2739686433110231,1.0,-0.5300717909664531,0.8021671793244547,0.0,1.0,0.8653576226073088,1.0
791,-1.0,1.0,-0.06014358193290613,0.6043343586489094,1.0,1.0,0.7307152452146175,1.0
792,0.0,1.0,-1.0,0.9950727344109205,-0.2739686433110231,1.0,1.0,1.0
793,1.0,1.0,-1.0,1.0,-1.0,1.0,1.0,1.0
794,-0.2739686433110231,1.0,-0.5300717909664531,0.8021671793244547,0.0,1.0,0.8653576226073088,1.0
795,-1.0,1.0,-0.06014358193290613,0.6043343586489094,1.0,1.0,0.7307152452146175,1.0
796,0.0,1.0,-1.0,0.9950727344109205,-0.2739686433110231,1.0,1.0,1.0
797,1.0,1.0,-1.0,1.0,-1.0,1.0,1.0,1.0
798,0.011274762176257572,1.0,0.0,1.0,-0.5300717909664531,0.9507682447893803,1.0,1.0
799,-0.9774504756474849,1.0,1.0,1.0,-0.06014358193290613,0.9015364895787605,1.0,1.0
800,0.022549524352515116,1.0,0.011274762176257572,1.0,-1.0,1.0,1.0,1.0
801,1.0,1.0,-0.9774504756474849,1.0,-1.0,1.0,1.0,1.0
802,-0.2739686433110231,1.0,-0.507522266613938,0.8021671793244547,0.0,1.0,0.8653576226073088,1.0
803,-1.0,1.0,-0.03759405758039101,0.6043343586489094,1.0,1.0,0.7307152452146175,1.0
804,0.0,1.0,-1.0,0.9950727344109205,-0.2739686433110231,1.0,1.0,1.0
805,1.0,1.0,-1.0,1.0,-1.0,1.0,1.0,1.0
806,0.011274762176257572,1.0,0.0,1.0,-0.5300717909664531,0.9507682447893803,1.0,1.0
807,-0.9774504756474849,1.0,1.0,1.0,-0.06014358193290613,0.9015364895787605,1.0,1.0
808,0.022549524352515116,1.0,0.011274762176257572,1.0,-1.0,1.0,1.0,1.0
809,1.0,1.0,-0.9774504756474849,1.0,-1.0,1.0,1.0,1.0
810,-0.2739686433110231,1.0,-0.507522266613938,0.8021671793244547,0.0,1.0,0.8653576226073088,1.0
811,-1.0,1.0,-0.03759405758039101,0.6043343586489094,1.0,1.0,0.7307152452146175,1.0
812,0.0,1.0,-1.0,0.9950727344109205,-0.2739686433110231,1.0,1.0,1.0
813,1.0,1.0,-1.0,1.0,-1.0,1.0,1.0,1.0
814,-0.2739686433110231,1.0,-0.5300717909664531,0.8021671793244547,0.0,1.0,0.8653576226073088,1.0
815,-1.0,1.0,-0.06014358193290613,0.6043343586489094,1.0,1.0,0.7307152452146175,1.0
816,0.0,1.0,-1.0,0.9950727344109205,-0.2739686433110231,1.0,1.0,1.0
817,1.0,1.0,-1.0,1.0,-1.0,1.0,1.0,1.0
818,0.011274762176257572,1.0,0.0,1.0,-0.5300717909664531,0.9507682447893803,1.0,1.0
819,-0.9774504756474849,1.0,1.0,1.0,-0.06014358193290613,0.9015364895787605,1.0,1.0
820,0.022549524352515116,1.0,0.011274762176257572,1.0,-1.0,1.0,1.0,1.0
821,1.0,1.0,-0.9774504756474849,1.0,-1.0,1.0,1.0,1.0
822,-0.2739686433110231,1.0,-0.507522266613938,0.8021671793244547,0.0,1.0,0.8653576226073088,1.0
823,-1.0,1.0,-0.03759405758039101,0.6043343586489094,1.0,1.0,0.7307152452146175,1.0
824,0.0,1.0,-1.0,0.9950727344109205,-0.2739686433110231,1.0,1.0,1.0
825,1.0,1.0,-1.0,1.0,-1.0,1.0,1.0,1.0
826,0.011274762176257572,1.0,0.0,1.0,-0.5300717909664531,0.9507682447893803,1.0,1.0
827,-0.9774504756474849,1.0,1.0,1.0,-0.06014358193290613,0.9015364895787605,1.0,1.0
828,0.022549524352515116,1.0,0.011274762176257572,1.0,-1.0,1.0,1.0,1.0
829,1.0,1.0,-0.9774504756474849,1.0,-1.0,1.0,1.0,1.0
830,0.011274762176257572,1.0,0.022549524352515116,1.0,-0.5300717909664531,0.9507682447893803,1.0,1.0
831,-0.9774504756474849,1.0,1.0,1.0,-0.06014358193290613,0.9015364895787605,1.0,1.0
832,0.022549524352515116,1.0,0.011274762176257572,1.0,-1.0,1.0,1.0,1.0
833,1.0,1.0,-0.9774504756474849,1.0,-1.0,1.0,1.0,1.0
834,-0.2739686433110231,1.0,-0.507522266613938,0.8021671793244547,0.0,1.0,0.8653576226073088,1.0
835,-1.0,1.0,-0.03759405758039101,0.6043343586489094,1.0,1.0,0.7307152452146175,1.0
836,0.0,1.0,-1.0,0.9950727344109205,-0.2739686433110231,1.0,1.0,1.0
837,1.0,1.0,-1.0,1.0,-1.0,1.0,1.0,1.0
838,-0.2739686433110231,1.0,-0.5300717909664531,0.8021671793244547,0.0,1.0,0.8653576226073088,1.0
839,-1.0,1.0,-0.06014358193290613,0.6043343586489094,1.0,1.0,0.7307152452146175,1.0
840,0.0,1.0,-1.0,0.9950727344109205,-0.2739686433110231,1.0,1.0,1.0
841,1.0,1.0,-1.0,1.0,-1.0,1.0,1.0,1.0
842,-0.2739686433110231,1.0,-0.5300717909664531,0.8021671793244547,0.0,1.0,0.8653576226073088,1.0
843,-1.0,1.0,-0.06014358193290613,0.6043343586489094,1.0,1.0,0.7307152452146175,1.0
844,0.0,1.0,-1.0,0.9950727344109205,-0.2739686433110231,1.0,1.0,1.0
845,1.0,1.0,-1.0,1.0,-1.0,1.0,1.0,1.0
846,0.011274762176257572,1.0,0.0,1.0,-0.5300717909664531,0.9507682447893803,1.0,1.0
847,-0.9774504756474849,1.0,1.0,1.0,-0.06014358193290613,0.9015364895787605,1.0,1.0
848,0.022549524352515116,1.0,0.011274762176257572,1.0,-1.0,1.0,1.0,1.0
849,1.0,1.0,-0.9774504756474849,1.0,-1.0,1.0,1.0,1.0
850,-0.2739686433110231,1.0,-0.507522266613938,0.8021671793244547,0.0,1.0,0.8653576226073088,1.0
851,-1.0,1.0,-0.03759405758039101,0.6043343586489094,1.0,1.0,0.7307152452146175,1.0
852,0.0,1.0,-1.0,0.9950727344109205,-0.2739686433110231,1.0,1.0,1.0
853,1.0,1.0,-1.0,1.0,-1.0,1.0,1.0,1.0
854,-0.2739686433110231,1.0,-0.5300717909664531,0.8021671793244547,0.0,1.0,0.8653576226073088,1.0
855,-1.0,1.0,-0.06014358193290613,0.6043343586489094,1.0,1.0,0.7307152452146175,1.0
856,0.0,1.0,-1.0,0.9950727344109205,-0.2739686433110231,1.0,1.0,1.0
857,1.0,1.0,-1.0,1.0,-1.0,1.0,1.0,1.0
858,-0.2739686433110231,1.0,-0.5300717909664531,0.8021671793244547,0.0,1.0,0.8653576226073088,1.0
859,-1.0,1.0,-0.06014358193290613,0.6043343586489094,1.0,1.0,0.7307152452146175,1.0
860,0.0,1.0,-1.0,0.9950727344109205,-0.2739686433110231,1.0,1.0,1.0
861,1.0,1.0,-1.0,1.0,-1.0,1.0,1.0,1.0
862,-0.2739686433110231,1.0,-0.5300717909664531,0.8021671793244547,0.0,1.0,0.8653576226073088,1.0
863,-1.0,1.0,-0.06014358193290613,0.6043343586489094,1.0,1.0,0.7307152452146175,1.0
864,0.0,1.0,-1.0,0.9950727344109205,-0.2739686433110231,1.0,1.0,1.0
865,1.0,1.0,-1.0,1.0,-1.0,1.0,1.0,1.0
866,-0.2739686433110231,1.0,-0.5300717909664531,0.8021671793244547,0.0,1.0,0.8653576226073088,1.0
867,-1.0,1.0,-0.06014358193290613,0.6043343586489094,1.0,1.0,0.7307152452146175,1.0
868,0.0,1.0,-1.0,0.9950727344109205,-0.2739686433110231,1.0,1.0,1.0
869,1.0,1.0,-1.0,1.0,-1.0,1.0,1.0,1.0
870,-0.2739686433110231,1.0,-0.5300717909664531,0.8021671793244547,0.0,1.0,0.8653576226073088,1.0
871,-1.0,1.0,-0.06014358193290613,0.6043343586489094,1.0,1.0,0.7307152452146175,1.0
872,0.0,1.0,-1.0,0.9950727344109205,-0.2739686433110231,1.0,1.0,1.0
873,1.0,1.0,-1.0,1.0,-1.0,1.0,1.0,1.0
874,0.011274762176257572,1.0,0.0,1.0,-0.5300717909664531,0.9507682447893803,1.0,1.0
875,-0.9774504756474849,1.0,1.0,1.0,-0.06014358193290613,0.9015364895787605,1.0,1.0
876,-1.0,1.0,1.0,0.8021671793244547,0.9398564180670939,1.0,0.8653576226073088,1.0
877,-1.0,1.0,1.0,0.6043343586489094,1.0,1.0,0.7307152452146175,1.0
878,0.0,1.0,0.011274762176257572,0.9950727344109205,-0.2739686433110231,1.0,1.0,1.0
879,1.0,1.0,-0.9774504756474849,1.0,-1.0,1.0,1.0,1.0
880,0.011274762176257572,1.0,0.022549524352515116,1.0,-0.5300717909664531,0.9507682447893803,1.0,1.0
881,-0.9774504756474849,1.0,1.0,1.0,-0.06014358193290613,0.9015364895787605,1.0,1.0
882,0.022549524352515116,1.0,0.011274762176257572,1.0,-1.0,1.0,1.0,1.0
883,1.0,1.0,-0.9774504756474849,1.0,-1.0,1.0,1.0,1.0
884,-0.2739686433110231,1.0,-0.507522266613938,0.8021671793244547,0.0,1.0,0.8653576226073088,1.0
885,-1.0,1.0,-0.03759405758039101,0.6043343586489094,1.0,1.0,0.7307152452146175,1.0
886,0.0,1.0,-1.0,0.9950727344109205,-0.2739686433110231,1.0,1.0,1.0
887,1.0,1.0,-1.0,1.0,-1.0,1.0,1.0,1.0
888,0.011274762176257572,1.0,0.0,1.0,-0.5300717909664531,0.9507682447893803,1.0,1.0
889,-0.9774504756474849,1.0,1.0,1.0,-0.06014358193290613,0.9015364895787605,1.0,1.0
890,0.022549524352515116,1.0,0.011274762176257572,1.0,-1.0,1.0,1.0,1.0
891,1.0,1.0,-0.9774504756474849,1.0,-1.0,1.0,1.0,1.0
892,0.011274762176257572,1.0,0.022549524352515116,1.0,-0.5300717909664531,0.9507682447893803,1.0,1.0
893,-0.9774504756474849,1.0,1.0,1.0,-0.06014358193290613,0.9015364895787605,1.0,1.0
894,0.022549524352515116,1.0,0.011274762176257572,1.0,-1.0,1.0,1.0,1.0
895,1.0,1.0,-0.9774504756474849,1.0,-1.0,1.0,1.0,1.0
896,0.011274762176257572,1.0,0.022549524352515116,1.0,-0.5300717909664531,0.9507682447893803,1.0,1.0
897,-0.9774504756474849,1.0,1.0,1.0,-0.06014358193290613,0.9015364895787605,1.0,1.0
898,0.022549524352515116,1.0,0.011274762176257572,1.0,-1.0,1.0,1.0,1.0
899,1.0,1.0,-0.9774504756474849,1.0,-1.0,1.0,1.0,1.0
900,-0.2739686433110231,1.0,-0.507522266613938,0.8021671793244547,0.0,1.0,0.8653576226073088,1.0
901,-1.0,1.0,-0.03759405758039101,0.6043343586489094,1.0,1.0,0.7307152452146175,1.0
902,0.0,1.0,-1.0,0.9950727344109205,-0.2739686433110231,1.0,1.0,1.0
903,1.0,1.0,-1.0,1.0,-1.0,1.0,1.0,1.0
904,-0.2739686433110231,1.0,-0.5300717909664531,0.8021671793244547,0.0,1.0,0.8653576226073088,1.0
905,-1.0,1.0,-0.06014358193290613,0.6043343586489094,1.0,1.0,0.7307152452146175,1.0
906,0.0,1.0,-1.0,0.9950727344109205,-0.2739686433110231,1.0,1.0,1.0
907,1.0,1.0,-1.0,1.0,-1.0,1.0,1.0,1.0
908,-0.2739686433110231,1.0,-0.5300717909664531,0.8021671793244547,0.0,1.0,0.8653576226073088,1.0
909,-1.0,1.0,-0.06014358193290613,0.6043343586489094,1.0,1.0,0.7307152452146175,1.0
910,0.0,1.0,-1.0,0.9950727344109205,-0.2739686433110231,1.0,1.0,1.0
911,1.0,1.0,-1.0,1.0,-1.0,1.0,1.0,1.0
912,-0.2739686433110231,1.0,-0.5300717909664531,0.8021671793244547,0.0,1.0,0.8653576226073088,1.0
913,-1.0,1.0,-0.06014358193290613,0.6043343586489094,1.0,1.0,0.7307152452146175,1.0
914,0.0,1.0,-1.0,0.9950727344109205,-0.2739686433110231,1.0,1.0,1.0
915,1.0,1.0,-1.0,1.0,-1.0,1.0,1.0,1.0
916,0.011274762176257572,1.0,0.0,1.0,-0.5300717909664531,0.9507682447893803,1.0,1.0
917,-0.9774504756474849,1.0,1.0,1.0,-0.06014358193290613,0.9015364895787605,1.0,1.0
918,-1.0,1.0,1.0,0.8021671793244547,0.9398564180670939,1.0,0.8653576226073088,1.0
919,-1.0,1.0,1.0,0.6043343586489094,1.0,1.0,0.7307152452146175,1.0
920,0.0,1.0,0.011274762176257572,0.9950727344109205,-0.2739686433110231,1.0,1.0,1.0
921,1.0,1.0,-0.9774504756474849,1.0,-1.0,1.0,1.0,1.0
922,0.011274762176257572,1.0,0.022549524352515116,1.0,-0.5300717909664531,0.9507682447893803,1.0,1.0
923,-0.9774504756474849,1.0,1.0,1.0,-0.06014358193290613,0.9015364895787605,1.0,1.0
924,0.022549524352515116,1.0,0.011274762176257572,1.0,-1.0,1.0,1.0,1.0
925,1.0,1.0,-0.9774504756474849,1.0,-1.0,1.0,1.0,1.0
926,0.011274762176257572,1.0,0.022549524352515116,1.0,-0.5300717909664531,0.9507682447893803,1.0,1.0
927,-0.9774504756474849,1.0,1.0,1.0,-0.06014358193290613,0.9015364895787605,1.0,1.0
928,-1.0,1.0,1.0,0.8021671793244547,0.9398564180670939,1.0,0.8653576226073088,1.0
929,-1.0,1.0,1.0,0.6043343586489094,1.0,1.0,0.7307152452146175,1.0
930,0.0,1.0,0.011274762176257572,0.9950727344109205,-0.2739686433110231,1.0,1.0,1.0
931,1.0,1.0,-0.9774504756474849,1.0,-1.0,1.0,1.0,1.0
932,0.011274762176257572,1.0,0.022549524352515116,1.0,-0.5300717909664531,0.9507682447893803,1.0,1.0
933,-0.9774504756474849,1.0,1.0,1.0,-0.06014358193290613,0.9015364895787605,1.0,1.0
934,0.022549524352515116,1.0,0.011274762176257572,1.0,-1.0,1.0,1.0,1.0
935,1.0,1.0,-0.9774504756474849,1.0,-1.0,1.0,1.0,1.0
936,0.011274762176257572,1.0,0.022549524352515116,1.0,-0.5300717909664531,0.9507682447893803,1.0,1.0
937,-0.9774504756474849,1.0,1.0,1.0,-0.06014358193290613,0.9015364895787605,1.0,1.0
938,-1.0,1.0,1.0,0.8021671793244547,0.9398564180670939,1.0,0.8653576226073088,1.0
939,-1.0,1.0,1.0,0.6043343586489094,1.0,1.0,0.7307152452146175,1.0
940,0.0,1.0,0.011274762176257572,0.9950727344109205,-0.2739686433110231,1.0,1.0,1.0
941,1.0,1.0,-0.9774504756474849,1.0,-1.0,1.0,1.0,1.0
942,0.011274762176257572,1.0,0.022549524352515116,1.0,-0.5300717909664531,0.9507682447893803,1.0,1.0
943,-0.9774504756474849,1.0,1.0,1.0,-0.06014358193290613,0.9015364895787605,1.0,1.0
944,0.022549524352515116,1.0,0.011274762176257572,1.0,-1.0,1.0,1.0,1.0
945,1.0,1.0,-0.9774504756474849,1.0,-1.0,1.0,1.0,1.0
946,0.011274762176257572,1.0,0.022549524352515116,1.0,-0.5300717909664531,0.9507682447893803,1.0,1.0
947,-0.9774504756474849,1.0,1.0,1.0,-0.06014358193290613,0.9015364895787605,1.0,1.0
948,0.022549524352515116,1.0,0.011274762176257572,1.0,-1.0,1.0,1.0,1.0
949,1.0,1.0,-0.9774504756474849,1.0,-1.0,1.0,1.0,1.0
950,-0.2739686433110231,1.0,-0.507522266613938,0.8021671793244547,0.0,1.0,0.8653576226073088,1.0
951,-1.0,1.0,-0.03759405758039101,0.6043343586489094,1.0,1.0,0.7307152452146175,1.0
952,0.0,1.0,-1.0,0.9950727344109205,-0.2739686433110231,1.0,1.0,1.0
953,1.0,1.0,-1.0,1.0,-1.0,1.0,1.0,1.0
954,-0.2739686433110231,1.0,-0.5300717909664531,0.8021671793244547,0.0,1.0,0.8653576226073088,1.0
955,-1.0,1.0,-0.06014358193290613,0.6043343586489094,1.0,1.0,0.7307152452146175,1.0
956,0.0,1.0,-1.0,0.9950727344109205,-0.2739686433110231,1.0,1.0,1.0
957,1.0,1.0,-1.0,1.0,-1.0,1.0,1.0,1.0
958,0.011274762176257572,1.0,0.0,1.0,-0.5300717909664531,0.9507682447893803,1.0,1.0
959,-0.9774504756474849,1.0,1.0,1.0,-0.06014358193290613,0.9015364895787605,1.0,1.0
960,0.022549524352515116,1.0,0.011274762176257572,1.0,-1.0,1.0,1.0,1.0
961,1.0,1.0,-0.9774504756474849,1.0,-1.0,1.0,1.0,1.0
962,-0.2739686433110231,1.0,-0.507522266613938,0.8021671793244547,0.0,1.0,0.8653576226073088,1.0
963,-1.0,1.0,-0.03759405758039101,0.6043343586489094,1.0,1.0,0.7307152452146175,1.0
964,0.0,1.0,-1.0,0.9950727344109205,-0.2739686433110231,1.0,1.0,1.0
965,1.0,1.0,-1.0,1.0,-1.0,1.0,1.0,1.0
966,-0.2739686433110231,1.0,-0.5300717909664531,0.8021671793244547,0.0,1.0,0.8653576226073088,1.0
967,-1.0,1.0,-0.06014358193290613,0.6043343586489094,1.0,1.0,0.7307152452146175,1.0
968,0.0,1.0,-1.0,0.9950727344109205,-0.2739686433110231,1.0,1.0,1.0
969,1.0,1.0,-1.0,1.0,-1.0,1.0,1.0,1.0
970,-0.2739686433110231,1.0,-0.5300717909664531,0.8021671793244547,0.0,1.0,0.8653576226073088,1.0
971,-1.0,1.0,-0.06014358193290613,0.6043343586489094,1.0,1.0,0.7307152452146175,1.0
972,0.0,1.0,-1.0,0.9950727344109205,-0.2739686433110231,1.0,1.0,1.0
973,1.0,1.0,-1.0,1.0,-1.0,1.0,1.0,1.0
974,-0.2739686433110231,1.0,-0.5300717909664531,0.8021671793244547,0.0,1.0,0.8653576226073088,1.0
975,-1.0,1.0,-0.06014358193290613,0.6043343586489094,1.0,1.0,0.7307152452146175,1.0
976,-1.0,1.0,0.9398564180670939,0.9678498514325518,1.0,0.9507682447893803,0.8092103336348624,1.0
977,-1.0,1.0,1.0,1.0,1.0,0.9015364895787605,0.8877054220551073,1.0
978,0.0,1.0,0.011274762176257572,1.0,-0.2739686433110231,1.0,1.0,1.0
979,1.0,1.0,-0.9774504756474849,1.0,-1.0,1.0,1.0,1.0
980,-0.2739686433110231,1.0,-0.507522266613938,0.8021671793244547,0.0,1.0,0.8653576226073088,1.0
981,-1.0,1.0,-0.03759405758039101,0.6043343586489094,1.0,1.0,0.7307152452146175,1.0
982,0.0,1.0,-1.0,0.9950727344109205,-0.2739686433110231,1.0,1.0,1.0
983,1.0,1.0,-1.0,1.0,-1.0,1.0,1.0,1.0
984,-0.2739686433110231,1.0,-0.5300717909664531,0.8021671793244547,0.0,1.0,0.8653576226073088,1.0
985,-1.0,1.0,-0.06014358193290613,0.6043343586489094,1.0,1.0,0.7307152452146175,1.0
986,0.0,1.0,-1.0,0.9950727344109205,-0.2739686433110231,1.0,1.0,1.0
987,1.0,1.0,-1.0,1.0,-1.0,1.0,1.0,1.0
988,-0.2739686433110231,1.0,-0.5300717909664531,0.8021671793244547,0.0,1.0,0.8653576226073088,1.0
989,-1.0,1.0,-0.06014358193290613,0.6043343586489094,1.0,1.0,0.7307152452146175,1.0
990,0.0,1.0,-1.0,0.9950727344109205,-0.2739686433110231,1.0,1.0,1.0
991,1.0,1.0,-1.0,1.0,-1.0,1.0,1.0,1.0
992,-0.2739686433110231,1.0,-0.5300717909664531,0.8021671793244547,0.0,1.0,0.8653576226073088,1.0
993,-1.0,1.0,-0.06014358193290613,0.6043343586489094,1.0,1.0,0.7307152452146175,1.0
994,0.0,1.0,-1.0,0.9950727344109205,-0.2739686433110231,1.0,1.0,1.0
995,1.0,1.0,-1.0,1.0,-1.0,1.0,1.0,1.0
996,0.011274762176257572,1.0,0.0,1.0,-0.5300717909664531,0.9507682447893803,1.0,1.0
997,-0.9774504756474849,1.0,1.0,1.0,-0.06014358193290613,0.9015364895787605,1.0,1.0
998,0.022549524352515116,1.0,0.011274762176257572,1.0,-1.0,1.0,1.0,1.0
999,1.0,1.0,-0.9774504756474849,1.0,-1.0,1.0,1.0,1.0
