step,motive_1,motive_2,motive_3,motive_4,motive_5,motive_6,motive_7,motive_8
0,-0.09492960011923882,0.08996021975082558,-0.020277100399883213,0.24603623585619583,0.15897012450096776,0.3385814432614489,0.7771389057110669,-0.04561389873425044
1,-0.29399715268449,0.07574329758857795,0.019561646263422914,0.26715614411800603,0.22773929791064315,0.40083335720311103,1.0,-0.09560047853846276
2,-0.39199221528640266,-0.05206757060383596,0.1376962845312932,0.3396358430865445,0.11043637264804111,0.3080495874802587,0.9500134201957877,0.9043995214615372
3,-0.4899872778883153,-0.17987843879624987,0.25583092279916353,0.41211554205508294,-0.0068665526145609244,0.21526581775740633,0.9000268403915754,1.0
4,0.5100127221116847,-0.3411521221205581,0.35293055297976655,0.3718261735358562,0.08020896489950508,0.17357325234411522,0.7009592878263243,0.9020049373980873
5,1.0,-0.5024258054448664,0.4500301831603696,0.3315368050166294,0.16728448241357108,0.1318806869308241,0.5018917352610731,0.8040098747961747
6,0.8387263166756918,0.49757419455513363,0.6099651073977389,0.24759115135724885,0.1553194419315156,0.15440861853345916,0.48767481309882554,0.6761990066037608
7,0.6774526333513835,1.0,0.7699000316351082,0.16364549769786832,0.1433544014494601,0.17693655013609422,0.4734578909365779,0.5483881384113468
8,0.6589629176167463,0.9815102842653628,0.751410315900471,0.14515578196323112,0.12486468571482288,0.15844683440145702,0.4549681752019407,0.5298984226767096
9,0.6404732018821091,0.9630205685307256,0.7329206001658338,0.12666606622859392,0.10637496998018567,0.1399571186668198,0.4364784594673035,0.5114087069420724
10,0.6219834861474719,0.9445308527960884,0.7144308844311966,0.1081763504939567,0.08788525424554845,0.1214674029321826,0.4179887437326663,0.4929189912074352
11,0.6034937704128347,0.9260411370614512,0.6959411686965594,0.08968663475931948,0.06939553851091124,0.10297768719754538,0.3994990279980291,0.474429275472798
12,0.5850040546781975,0.907551421326814,0.6774514529619222,0.07119691902468227,0.05090582277627402,0.08448797146290817,0.3810093122633919,0.4559395597381608
13,0.5665143389435603,0.8890617055921768,0.658961737227285,0.05270720329004505,0.032416107041636805,0.06599825572827095,0.3625195965287547,0.4374498440035236
14,0.5480246232089231,0.8705719898575396,0.6404720214926478,0.034217487555407836,0.013926391306999592,0.04750853999363373,0.3440298807941175,0.4189601282688864
15,0.5295349074742859,0.8520822741229024,0.6219823057580106,0.015727771820770623,-0.00456332442763762,0.02901882425899652,0.3255401650594803,0.4004704125342492
16,0.616610424988352,0.8401172336408469,0.697506136824754,0.08508927730412646,0.9954366755723624,0.06463352491540454,0.3943093384691557,0.2831674872716472
17,0.703685942502418,0.8281521931587914,0.7730299678914975,0.1544507827874823,1.0,0.10024822557181257,0.4630785118788311,0.16586456200904517
18,0.6851962267677808,0.8096624774241542,0.7545402521568603,0.1359610670528451,0.9815102842653628,0.08175850983717535,0.4445887961441939,0.14737484627440797
19,0.6667065110331436,0.791172761689517,0.7360505364222231,0.11747135131820789,0.9630205685307256,0.06326879410253813,0.4260990804095567,0.12888513053977077
20,0.6482167952985064,0.7726830459548798,0.7175608206875859,0.09898163558357068,0.9445308527960884,0.04477907836790092,0.4076093646749195,0.11039541480513355
21,0.6297270795638692,0.7541933302202426,0.6990711049529487,0.08049191984893346,0.9260411370614512,0.026289362633263706,0.3891196489402823,0.09190569907049634
22,0.611237363829232,0.7357036144856054,0.6805813892183115,0.062002204114296244,0.907551421326814,0.007799646898626493,0.3706299332056451,0.07341598333585912
23,0.5927476480945948,0.7172138987509682,0.6620916734836743,0.04351248837965903,0.8890617055921768,-0.01069006883601072,0.3521402174710079,0.054926267601221906
24,0.5510550826813037,0.7397418303536033,0.6611160001759401,-0.12002635676315412,0.9246764062485848,0.9893099311639892,0.41439213141267,-0.03785750212163046
25,0.5093625172680125,0.7622697619562383,0.6601403268682059,-0.28356520190596723,0.9602911069049929,1.0,0.47664404535433214,-0.13064127184448282
26,0.46907314874878575,0.6783241082968577,0.5572370007633579,0.7164347980940328,1.0,0.8364611548571869,0.49776395361614234,-0.05816157287594441
27,0.428783780229559,0.5943784546374772,0.45433367465850993,1.0,1.0,0.6729223097143737,0.5188838618779525,0.014318126092594006
28,0.4102940644949218,0.57588873890284,0.43584395892387273,0.9815102842653628,0.9815102842653628,0.6544325939797365,0.5003941461433153,-0.004171589642043207
29,0.31229900189300913,0.4480778707104261,0.553978597191743,1.0,0.8642073590027608,0.5616488242568841,0.45040756633910306,0.9958284103579568
30,0.21430393929109648,0.3202670025180122,0.6721132354596133,1.0,0.7469044337401588,0.46886505453403177,0.4004209865348908,1.0
31,0.19581422355645928,0.301777286783375,0.6536235197249761,0.9815102842653628,0.7284147180055216,0.45037533879939456,0.3819312708002536,0.9815102842653628
32,0.17732450782182207,0.2832875710487378,0.6351338039903389,0.9630205685307256,0.7099250022708844,0.43188562306475736,0.3634415550656164,0.9630205685307256
33,0.15883479208718487,0.2647978553141006,0.6166440882557017,0.9445308527960884,0.6914352865362472,0.41339590733012016,0.34495183933097917,0.9445308527960884
34,0.14034507635254767,0.2463081395794634,0.5981543725210645,0.9260411370614512,0.67294557080161,0.39490619159548296,0.32646212359634197,0.9260411370614512
35,0.12185536061791045,0.2278184238448262,0.5796646567864273,0.907551421326814,0.6544558550669728,0.37641647586084576,0.30797240786170477,0.907551421326814
36,0.10336564488327324,0.209328708110189,0.5611749410517901,0.8890617055921768,0.6359661393323356,0.35792676012620855,0.28948269212706756,0.8890617055921768
37,0.08487592914863602,0.1908389923755518,0.5426852253171529,0.8705719898575396,0.6174764235976984,0.33943704439157135,0.27099297639243036,0.8705719898575396
38,0.0663862134139988,0.1723492766409146,0.5241955095825157,0.8520822741229024,0.5989867078630612,0.32094732865693415,0.25250326065779316,0.8520822741229024
39,0.04789649767936159,0.1538595609062774,0.5057057938478785,0.8335925583882652,0.580496992128424,0.30245761292229695,0.23401354492315596,0.8335925583882652
40,0.02940678194472438,0.1353698451716402,0.4872160781132413,0.815102842653628,0.5620072763937868,0.28396789718765975,0.21552382918851876,0.815102842653628
41,0.010917066210087166,0.11688012943700297,0.4687263623786041,0.7966131269189908,0.5435175606591496,0.26547818145302254,0.19703411345388155,0.7966131269189908
42,-0.0075726495245500465,0.09839041370236576,0.4502366466439669,0.7781234111843536,0.5250278449245124,0.24698846571838534,0.17854439771924435,0.7781234111843536
43,0.9924273504754499,-0.0628832696219425,0.54733627682457,0.7378340426651268,0.6121033624385784,0.20529590030509423,-0.02052315484600682,0.6801283485824409
44,1.0,-0.22415695294625076,0.6444359070051731,0.6975446741458999,0.6991788799526445,0.16360333489180312,-0.21959070741125797,0.5821332859805283
45,0.8387263166756918,0.7758430470537492,0.8043708312425423,0.6135990204865194,0.687213839470589,0.18613126649443817,-0.2338076295735056,0.4543224177881144
46,0.6774526333513835,1.0,0.9643057554799116,0.5296533668271388,0.6752487989885335,0.20865919809707323,-0.24802455173575322,0.3265115495957005
47,0.47838508078613234,0.9857830778377524,1.0,0.550773275088949,0.7440179723982089,0.27091111203873536,0.7519754482642468,0.2765249697914882
48,0.2793175282208812,0.9715661556755049,1.0,0.5718931833507592,0.8127871458078842,0.3331630259803975,1.0,0.2265383899872759
49,0.260827812486244,0.9530764399408677,0.9815102842653628,0.553403467616122,0.794297430073247,0.3146733102457603,0.9815102842653628,0.2080486742526387
50,0.24233809675160678,0.9345867242062305,0.9630205685307256,0.5349137518814848,0.7758077143386098,0.2961835945111231,0.9630205685307256,0.1895589585180015
51,0.22384838101696958,0.9160970084715933,0.9445308527960884,0.5164240361468476,0.7573179986039726,0.2776938787764859,0.9445308527960884,0.1710692427833643
52,0.20535866528233238,0.897607292736956,0.9260411370614512,0.4979343204122104,0.7388282828693354,0.2592041630418487,0.9260411370614512,0.1525795270487271
53,0.18686894954769517,0.8791175770023189,0.907551421326814,0.4794446046775732,0.7203385671346982,0.24071444730721148,0.907551421326814,0.1340898113140899
54,0.16837923381305797,0.8606278612676816,0.8890617055921768,0.460954888942936,0.701848851400061,0.22222473157257427,0.8890617055921768,0.11560009557945268
55,0.14988951807842077,0.8421381455330444,0.8705719898575396,0.4424651732082988,0.6833591356654238,0.20373501583793707,0.8705719898575396,0.09711037984481546
56,0.13139980234378357,0.8236484297984072,0.8520822741229024,0.4239754574736616,0.6648694199307866,0.18524530010329987,0.8520822741229024,0.07862066411017825
57,0.11291008660914635,0.80515871406377,0.8335925583882652,0.4054857417390244,0.6463797041961494,0.16675558436866267,0.8335925583882652,0.06013094837554103
58,0.09442037087450914,0.7866689983291328,0.815102842653628,0.3869960260043872,0.6278899884615122,0.14826586863402547,0.815102842653628,0.041641232640903816
59,0.07593065513987192,0.7681792825944956,0.7966131269189908,0.36850631026975,0.609400272726875,0.12977615289938826,0.7966131269189908,0.023151516906266604
60,0.0574409394052347,0.7496895668598584,0.7781234111843536,0.3500165945351128,0.5909105569922378,0.11128643716475105,0.7781234111843536,0.004661801171629391
61,0.03895122367059749,0.7311998511252212,0.7596336954497164,0.3315268788004756,0.5724208412576006,0.09279672143011383,0.7596336954497164,-0.013827914563007821
62,-0.05904383893131518,0.6033889829328073,0.8777683337175867,0.40400657776901405,0.4551179159949986,1.295170726147224e-05,0.7096471156455041,0.9861720854369922
63,-0.15703890153322783,0.4755781147403934,0.995902971985457,0.4764862767375525,0.3378149907323966,-0.0927708180155909,0.6596605358412918,1.0
64,0.8429610984667721,0.31430443141608516,1.0,0.43619690821832574,0.42489050824646263,-0.134463383428882,0.46059298327604065,0.9020049373980873
65,1.0,0.1530307480917769,1.0,0.395907539699099,0.5119660257605286,-0.17615594884217312,0.2615254307107895,0.8040098747961747
66,0.9583074345867089,0.17555867969441197,0.9990243266922659,0.23236869455628584,0.5475807264169367,0.8238440511578269,0.3237773446524516,0.7112261050733223
67,0.9166148691734177,0.19808661129704702,0.9980486533845317,0.06882984941347269,0.5831954270733447,1.0,0.38602925859411374,0.6184423353504699
68,0.8981251534387805,0.17959689556240982,0.9795589376498945,0.05034013367883547,0.5647057113387075,0.9815102842653628,0.36753954285947654,0.5999526196158327
69,0.8796354377041433,0.16110717982777262,0.9610692219152573,0.03185041794419825,0.5462159956040703,0.9630205685307256,0.34904982712483934,0.5814629038811955
70,0.8611457219695061,0.14261746409313542,0.9425795061806201,0.01336070220956104,0.5277262798694331,0.9445308527960884,0.33056011139020214,0.5629731881465583
71,0.8426560062348689,0.1241277483584982,0.9240897904459829,-0.005129013525076172,0.5092365641347959,0.9260411370614512,0.31207039565556494,0.5444834724119211
72,0.8023666377156421,0.040182094699117654,0.821186464341135,0.9948709864749238,0.5785980696181517,0.762502291918638,0.33319030391737514,0.6169631713804595
73,0.7620772691964153,-0.04376355896026289,0.718283138236287,1.0,0.6479595751015076,0.5989634467758249,0.35431021217918535,0.689442870348998
74,0.600803585872107,0.9562364410397372,0.8782180624736563,0.9160543463406194,0.6359945346194521,0.62149137837846,0.3400932900169377,0.561632002156584
75,0.4395299025477988,1.0,1.0,0.8321086926812389,0.6240294941373966,0.644019309981095,0.3258763678546901,0.43382113396417016
76,0.4210401868131616,0.9815102842653628,0.9815102842653628,0.8136189769466017,0.6055397784027594,0.6255295942464578,0.3073866521200529,0.41533141822953296
77,0.4025504710785244,0.9630205685307256,0.9630205685307256,0.7951292612119645,0.5870500626681222,0.6070398785118206,0.2888969363854157,0.39684170249489575
78,0.3840607553438872,0.9445308527960884,0.9445308527960884,0.7766395454773273,0.568560346933485,0.5885501627771834,0.2704072206507785,0.37835198676025855
79,0.36557103960924997,0.9260411370614512,0.9260411370614512,0.7581498297426901,0.5500706311988478,0.5700604470425462,0.2519175049161413,0.35986227102562135
80,0.34708132387461277,0.907551421326814,0.907551421326814,0.7396601140080529,0.5315809154642106,0.551570731307909,0.2334277891815041,0.34137255529098415
81,0.32859160813997557,0.8890617055921768,0.8890617055921768,0.7211703982734157,0.5130911997295734,0.5330810155732718,0.21493807344686688,0.32288283955634695
82,0.31010189240533836,0.8705719898575396,0.8705719898575396,0.7026806825387785,0.4946014839949362,0.5145912998386346,0.19644835771222968,0.30439312382170974
83,0.29161217667070116,0.8520822741229024,0.8520822741229024,0.6841909668041413,0.476111768260299,0.4961015841039974,0.17795864197759248,0.28590340808707254
84,0.27312246093606396,0.8335925583882652,0.8335925583882652,0.6657012510695041,0.4576220525256618,0.4776118683693602,0.15946892624295528,0.26741369235243534
85,0.25463274520142676,0.815102842653628,0.815102842653628,0.6472115353348669,0.4391323367910246,0.459122152634723,0.14097921050831808,0.24892397661779814
86,0.23614302946678956,0.7966131269189908,0.7966131269189908,0.6287218196002297,0.4206426210563874,0.4406324369000858,0.12248949477368086,0.23043426088316094
87,0.21765331373215235,0.7781234111843536,0.7781234111843536,0.6102321038655925,0.4021529053217502,0.4221427211654486,0.10399977903904364,0.21194454514852373
88,0.19916359799751515,0.7596336954497164,0.7596336954497164,0.5917423881309553,0.383663189587113,0.4036530054308114,0.08551006330440643,0.19345482941388653
89,0.18067388226287795,0.7411439797150792,0.7411439797150792,0.573252672396318,0.3651734738524758,0.3851632896961742,0.06702034756976921,0.17496511367924933
90,0.16218416652824075,0.722654263980442,0.722654263980442,0.5547629566616809,0.3466837581178386,0.366673573961537,0.048530631835131996,0.15647539794461213
91,0.14369445079360355,0.7041645482458048,0.7041645482458048,0.5362732409270436,0.3281940423832014,0.3481838582268998,0.030040916100494783,0.13798568220997492
92,0.12520473505896634,0.6856748325111676,0.6856748325111676,0.5177835251924064,0.3097043266485642,0.3296941424922626,0.011551200365857571,0.11949596647533771
93,0.10671501932432913,0.6671851167765304,0.6671851167765304,0.49929380945776924,0.291214610913927,0.3112044267576254,-0.0069385153687796415,0.10100625074070049
94,-0.09235253324092205,0.6529681946142828,0.7070238634398365,0.5204137177195794,0.35998378432360234,0.3734563406992875,0.9930614846312203,0.05101967093648817
95,-0.2914200858061732,0.6387512724520352,0.7468626101031426,0.5415336259813897,0.4287529577332777,0.43570825464094964,1.0,0.0010330911322758464
96,0.7085799141938268,0.477477589127727,0.8439622402837457,0.5012442574621628,0.5158284752473438,0.39401568922765856,0.8009324474347489,-0.09696197146963682
97,1.0,0.31620390580341873,0.9410618704643487,0.46095488894293607,0.6029039927614098,0.3523231238143675,0.6018648948694977,-0.19495703407154946
98,0.9020049373980873,0.18839303761100484,1.0,0.5334345879114745,0.4856010674988078,0.25953935409151513,0.5518783150652854,0.8050429659284506
99,0.8040098747961747,0.06058216941859093,1.0,0.6059142868800129,0.3682981422362058,0.16675558436866278,0.5018917352610731,1.0
100,0.7855201590615375,0.042092453683953715,0.9815102842653628,0.5874245711453757,0.3498084265015686,0.14826586863402558,0.4834020195264359,0.9815102842653628
101,0.7670304433269003,0.023602737949316503,0.9630205685307256,0.5689348554107385,0.3313187107669314,0.12977615289938838,0.4649123037917987,0.9630205685307256
102,0.7485407275922631,0.00511302221467929,0.9445308527960884,0.5504451396761013,0.3128289950322942,0.11128643716475116,0.4464225880571615,0.9445308527960884
103,0.7300510118576259,-0.013376693519957922,0.9260411370614512,0.5319554239414641,0.294339279297657,0.09279672143011394,0.4279328723225243,0.9260411370614512
104,0.5687773285333176,0.986623306480042,1.0,0.44800977028208355,0.28237423881560153,0.11532465303274898,0.4137159501602767,0.7982302688690373
105,0.4075036452090094,1.0,1.0,0.364064116622703,0.27040919833354604,0.13785258463538402,0.39949902799802905,0.6704194006766233
106,0.3890139294743722,0.9815102842653628,0.9815102842653628,0.3455744008880658,0.25191948259890884,0.11936286890074681,0.38100931226339185,0.6519296849419861
107,0.370524213739735,0.9630205685307256,0.9630205685307256,0.3270846851534286,0.23342976686427164,0.10087315316610959,0.36251959652875465,0.6334399692073489
108,0.3520344980050978,0.9445308527960884,0.9445308527960884,0.3085949694187914,0.21494005112963444,0.08238343743147238,0.34402988079411745,0.6149502534727117
109,0.3335447822704606,0.9260411370614512,0.9260411370614512,0.2901052536841542,0.19645033539499723,0.06389372169683516,0.32554016505948025,0.5964605377380745
110,0.3150550665358234,0.907551421326814,0.907551421326814,0.271615537949517,0.17796061966036003,0.045404005962197944,0.30705044932484304,0.5779708220034373
111,0.2965653508011862,0.8890617055921768,0.8890617055921768,0.2531258222148798,0.15947090392572283,0.02691429022756073,0.28856073359020584,0.5594811062688001
112,0.278075635066549,0.8705719898575396,0.8705719898575396,0.23463610648024258,0.14098118819108563,0.008424574492923519,0.27007101785556864,0.5409913905341629
113,0.2595859193319118,0.8520822741229024,0.8520822741229024,0.21614639074560538,0.12249147245644841,-0.010065141241713694,0.25158130212093144,0.5225016747995257
114,0.21789335391862066,0.8746102057255375,0.8511066008151682,0.052607545602792224,0.15810617311285646,0.9899348587582864,0.31383321606259357,0.42971790507667335
115,0.17620078850532955,0.8971381373281725,0.850130927507434,-0.11093129954002093,0.1937208737692645,1.0,0.3760851300042557,0.336934135353821
116,0.1359114199861028,0.8131924836687919,0.747227601402586,0.8890687004599791,0.26308237925262035,0.8364611548571869,0.3972050382660659,0.40941383432235945
117,0.09562205146687601,0.7292468300094114,0.6443242752977381,1.0,0.3324438847359762,0.6729223097143737,0.4183249465278761,0.4818935332908979
118,0.0771323357322388,0.7107571142747742,0.6258345595631009,0.9815102842653628,0.313954169001339,0.6544325939797365,0.3998352307932389,0.4634038175562607
119,0.05864261999760158,0.692267398540137,0.6073448438284637,0.9630205685307256,0.2954644532667018,0.6359428782450993,0.3813455150586017,0.4449141018216235
120,0.04015290426296436,0.6737776828054998,0.5888551280938265,0.9445308527960884,0.2769747375320646,0.6174531625104621,0.3628557993239645,0.4264243860869863
121,0.02166318852832715,0.6552879670708626,0.5703654123591892,0.9260411370614512,0.2584850217974274,0.5989634467758249,0.3443660835893273,0.4079346703523491
122,0.003173472793689937,0.6367982513362254,0.551875696624552,0.907551421326814,0.23999530606279018,0.5804737310411877,0.3258763678546901,0.3894449546177119
123,-0.015316242940947276,0.6183085356015882,0.5333859808899148,0.8890617055921768,0.22150559032815298,0.5619840153065505,0.3073866521200529,0.3709552388830747
124,0.9846837570590528,0.4570348522772799,0.6304856110705179,0.84877233707295,0.308581107842219,0.5202914498932594,0.10831909955480172,0.27296017628116204
125,1.0,0.29576116895297166,0.727585241251121,0.8084829685537231,0.395656625356285,0.4785988844799683,-0.09074845301044945,0.17496511367924938
126,0.8009324474347489,0.28154424679072404,0.7674239879144271,0.8296028768155334,0.46442579876596035,0.5408507984216304,0.9092515469895506,0.12497853387503706
127,0.6018648948694977,0.2673273246284764,0.8072627345777332,0.8507227850773436,0.5331949721756357,0.6031027123632926,1.0,0.07499195407082473
128,0.5833751791348605,0.2488376088938392,0.788773018843096,0.8322330693427064,0.5147052564409985,0.5846129966286554,0.9815102842653628,0.05650223833618752
129,0.5648854634002233,0.230347893159202,0.7702833031084588,0.8137433536080692,0.4962155407063613,0.5661232808940182,0.9630205685307256,0.0380125226015503
130,0.5463957476655861,0.2118581774245648,0.7517935873738216,0.795253637873432,0.4777258249717241,0.547633565159381,0.9445308527960884,0.01952280686691309
131,0.5279060319309489,0.1933684616899276,0.7333038716391844,0.7767639221387947,0.4592361092370869,0.5291438494247438,0.9260411370614512,0.0010330911322758776
132,0.5094163161963117,0.1748787459552904,0.7148141559045472,0.7582742064041575,0.4407463935024497,0.5106541336901066,0.907551421326814,-0.017456624602361335
133,0.411421253594399,0.04706787776287649,0.8329487941724175,0.830753905372696,0.3234434682398477,0.41787036396725424,0.8575648415226017,0.9825433753976387
134,0.31342619099248636,-0.08074299042953742,0.9510834324402878,0.9032336043412345,0.20614054297724568,0.3250865942444019,0.8075782617183894,1.0
135,0.15215250766817812,0.9192570095704626,1.0,0.8192879506818539,0.19417550249519017,0.34761452584703695,0.7933613395561419,0.8721891318075861
136,-0.009121175656130142,1.0,1.0,0.7353422970224733,0.18221046201313468,0.370142457449672,0.7791444173938943,0.7443782636151721
137,0.9908788243438699,0.8387263166756918,1.0,0.6950529285032465,0.2692859795272007,0.3284498920363809,0.5800768648286431,0.6463832010132594
138,1.0,0.6774526333513835,1.0,0.6547635599840197,0.3563614970412667,0.28675732662308984,0.3810093122633919,0.5483881384113468
139,0.9815102842653628,0.6589629176167463,0.9815102842653628,0.6362738442493825,0.3378717813066295,0.26826761088845263,0.3625195965287547,0.5298984226767096
140,0.9630205685307256,0.6404732018821091,0.9630205685307256,0.6177841285147453,0.3193820655719923,0.24977789515381543,0.3440298807941175,0.5114087069420724
141,0.9445308527960884,0.6219834861474719,0.9445308527960884,0.5992944127801081,0.3008923498373551,0.23128817941917823,0.3255401650594803,0.4929189912074352
142,0.9260411370614512,0.6034937704128347,0.9260411370614512,0.5808046970454709,0.2824026341027179,0.21279846368454103,0.3070504493248431,0.474429275472798
143,0.907551421326814,0.5850040546781975,0.907551421326814,0.5623149813108337,0.2639129183680807,0.19430874794990383,0.2885607335902059,0.4559395597381608
144,0.8890617055921768,0.5665143389435603,0.8890617055921768,0.5438252655761965,0.24542320263344347,0.17581903221526662,0.2700710178555687,0.4374498440035236
145,0.8705719898575396,0.5480246232089231,0.8705719898575396,0.5253355498415593,0.22693348689880627,0.15732931648062942,0.2515813021209315,0.4189601282688864
146,0.8520822741229024,0.5295349074742859,0.8520822741229024,0.5068458341069221,0.20844377116416907,0.13883960074599222,0.2330915863862943,0.4004704125342492
147,0.8335925583882652,0.5110451917396487,0.8335925583882652,0.4883561183722849,0.18995405542953187,0.120349885011355,0.2146018706516571,0.381980696799612
148,0.815102842653628,0.4925554760050115,0.815102842653628,0.4698664026376477,0.17146433969489466,0.10186016927671779,0.1961121549170199,0.3634909810649748
149,0.7966131269189908,0.4740657602703743,0.7966131269189908,0.45137668690301047,0.15297462396025746,0.08337045354208057,0.17762243918238269,0.3450012653303376
150,0.7781234111843536,0.4555760445357371,0.7781234111843536,0.43288697116837327,0.13448490822562026,0.06488073780744336,0.15913272344774548,0.3265115495957004
151,0.7596336954497164,0.4370863288010999,0.7596336954497164,0.41439725543373607,0.11599519249098304,0.04639102207280614,0.14064300771310828,0.3080218338610632
152,0.7411439797150792,0.4185966130664627,0.7411439797150792,0.39590753969909886,0.09750547675634583,0.027901306338168928,0.12215329197847107,0.289532118126426
153,0.722654263980442,0.4001068973318255,0.722654263980442,0.37741782396446166,0.07901576102170861,0.009411590603531715,0.10366357624383385,0.2710424023917888
154,0.7041645482458048,0.38161718159718827,0.7041645482458048,0.35892810822982446,0.060526045287071395,-0.009078125131105497,0.08517386050919663,0.2525526866571516
155,0.6624719828325136,0.4041451131998233,0.7031888749380706,0.19538926308701132,0.09614074594347942,0.9909218748688945,0.14742577445085878,0.15976891693429923
156,0.6207794174192225,0.4266730448024584,0.7022132016303364,0.03185041794419817,0.13175544659988747,1.0,0.20967768839252093,0.06698514721144687
157,0.6022897016845853,0.4081833290678212,0.6837234858956992,0.013360702209560957,0.11326573086525026,0.9815102842653628,0.19118797265788373,0.04849543147680965
158,0.5837999859499481,0.389693613333184,0.665233770161062,-0.005129013525076255,0.09477601513061304,0.9630205685307256,0.17269825692324653,0.03000571574217244
159,0.5435106174307213,0.3057479596738034,0.562330444056214,0.9948709864749238,0.1641375206139689,0.7994817233879125,0.1938181651850567,0.10248541471071085
160,0.5032212489114944,0.22180230601442288,0.45942711795136604,1.0,0.23349902609732476,0.6359428782450993,0.21493807344686688,0.17496511367924927
161,0.48473153317685724,0.20331259027978568,0.44093740221672884,0.9815102842653628,0.21500931036268756,0.6174531625104621,0.19644835771222968,0.15647539794461207
162,0.46624181744222004,0.18482287454514848,0.42244768648209163,0.9630205685307256,0.19651959462805035,0.5989634467758249,0.17795864197759248,0.13798568220997487
163,0.44775210170758284,0.16633315881051128,0.40395797074745443,0.9445308527960884,0.17802987889341315,0.5804737310411877,0.15946892624295528,0.11949596647533765
164,0.42926238597294564,0.14784344307587408,0.38546825501281723,0.9260411370614512,0.15954016315877595,0.5619840153065505,0.14097921050831808,0.10100625074070044
165,0.41077267023830843,0.12935372734123687,0.36697853927818,0.907551421326814,0.14105044742413875,0.5434942995719133,0.12248949477368086,0.08251653500606322
166,0.39228295450367123,0.11086401160659966,0.3484888235435428,0.8890617055921768,0.12256073168950153,0.5250045838372761,0.10399977903904364,0.064026819271426
167,0.37379323876903403,0.09237429587196244,0.3299991078089056,0.8705719898575396,0.10407101595486432,0.5065148681026389,0.08551006330440643,0.04553710353678879
168,0.35530352303439683,0.07388458013732523,0.3115093920742684,0.8520822741229024,0.0855813002202271,0.4880251523680017,0.06702034756976921,0.027047387802151577
169,0.3368138072997596,0.05539486440268801,0.2930196763396312,0.8335925583882652,0.06709158448558988,0.4695354366333645,0.048530631835131996,0.008557672067514364
170,0.3183240915651224,0.036905148668050794,0.274529960604994,0.815102842653628,0.04860186875095267,0.4510457208987273,0.030040916100494783,-0.009932043667122848
171,0.22032902896320977,-0.09090571952436312,0.3926645988728643,0.8875825416221664,-0.06870105651164937,0.35826195117587495,-0.019945663703717538,0.9900679563328771
172,0.1223339663612971,-0.21871658771677702,0.5107992371407346,0.9600622405907049,-0.1860039817742514,0.2654781814530226,-0.06993224350792986,1.0
173,0.20940948387536312,-0.23068162819883253,0.586323068207478,1.0,0.8139960182257486,0.30109288210943064,-0.0011630700982544727,0.882697074737398
174,0.2964850013894291,-0.24264666868088802,0.6618468992742215,1.0,1.0,0.3367075827658387,0.0676061033114209,0.765394149474796
175,0.13521131806512088,0.757353331319112,0.8217818235115907,0.9160543463406194,0.9880349595179444,0.35923551436847373,0.05338918114917328,0.6375832812823821
176,-0.02606236525918738,1.0,0.98171674774896,0.8321086926812389,0.9760699190358889,0.3817634459711088,0.039172258986925654,0.5097724130899681
177,0.9739376347408126,0.8387263166756918,1.0,0.7918193241620121,1.0,0.3400708805578177,-0.1598952935783255,0.41177735048805547
178,1.0,0.6774526333513835,1.0,0.7515299556427852,1.0,0.2983783151445266,-0.35896284614357665,0.3137822878861428
179,0.8009324474347489,0.6632357111891359,1.0,0.7726498639045954,1.0,0.36063022908618875,0.6410371538564233,0.26379570808193054
180,0.6018648948694977,0.6490187890268884,1.0,0.7937697721664057,1.0,0.4228821430278509,1.0,0.21380912827771822
181,0.5833751791348605,0.6305290732922512,0.9815102842653628,0.7752800564317684,0.9815102842653628,0.4043924272932137,0.9815102842653628,0.19531941254308102
182,0.5648854634002233,0.612039357557614,0.9630205685307256,0.7567903406971312,0.9630205685307256,0.38590271155857647,0.9630205685307256,0.17682969680844382
183,0.5463957476655861,0.5935496418229768,0.9445308527960884,0.738300624962494,0.9445308527960884,0.36741299582393927,0.9445308527960884,0.15833998107380662
184,0.5279060319309489,0.5750599260883396,0.9260411370614512,0.7198109092278568,0.9260411370614512,0.34892328008930207,0.9260411370614512,0.13985026533916942
185,0.5094163161963117,0.5565702103537024,0.907551421326814,0.7013211934932196,0.907551421326814,0.33043356435466487,0.907551421326814,0.1213605496045322
186,0.49092660046167447,0.5380804946190652,0.8890617055921768,0.6828314777585824,0.8890617055921768,0.31194384862002766,0.8890617055921768,0.10287083386989498
187,0.47243688472703727,0.519590778884428,0.8705719898575396,0.6643417620239452,0.8705719898575396,0.29345413288539046,0.8705719898575396,0.08438111813525777
188,0.45394716899240006,0.5011010631497907,0.8520822741229024,0.645852046289308,0.8520822741229024,0.27496441715075326,0.8520822741229024,0.06589140240062055
189,0.43545745325776286,0.48261134741515355,0.8335925583882652,0.6273623305546708,0.8335925583882652,0.25647470141611606,0.8335925583882652,0.047401686665983336
190,0.41696773752312566,0.46412163168051634,0.815102842653628,0.6088726148200336,0.815102842653628,0.23798498568147886,0.815102842653628,0.028911970931346124
191,0.39847802178848846,0.44563191594587914,0.7966131269189908,0.5903828990853964,0.7966131269189908,0.21949526994684165,0.7966131269189908,0.010422255196708911
192,0.37998830605385125,0.42714220021124194,0.7781234111843536,0.5718931833507592,0.7781234111843536,0.20100555421220445,0.7781234111843536,-0.008067460537928301
193,0.2819932434519386,0.29933133201882806,0.8962580494522239,0.6443728823192977,0.6608204859217516,0.10822178448935209,0.7281368313801413,0.9919325394620717
194,0.18399818085002595,0.17152046382641417,1.0,0.7168525812878361,0.5435175606591496,0.015438014766499728,0.678150251575929,1.0
195,0.16550846511538875,0.15303074809177697,0.9815102842653628,0.6983628655531989,0.5250278449245124,-0.0030517009681374843,0.6596605358412918,0.9815102842653628
196,0.12381589970209762,0.17555867969441202,0.9805346109576286,0.5348240204103858,0.5606425455809204,0.9969482990318626,0.721912449782954,0.8887265145425104
197,0.0821233342888065,0.19808661129704708,0.9795589376498944,0.37128517526757265,0.5962572462373285,1.0,0.7841643637246162,0.795942744819658
198,0.06363361855416928,0.17959689556240988,0.9610692219152572,0.35279545953293545,0.5777675305026913,0.9815102842653628,0.765674647989979,0.7774530290850208
199,0.04514390281953207,0.16110717982777267,0.94257950618062,0.33430574379829825,0.559277814768054,0.9630205685307256,0.7471849322553418,0.7589633133503836
200,0.026654187084894854,0.14261746409313547,0.9240897904459828,0.31581602806366105,0.5407880990334168,0.9445308527960884,0.7286952165207046,0.7404735976157464
201,0.008164471350257642,0.12412774835849825,0.9056000747113456,0.29732631232902385,0.5222983832987796,0.9260411370614512,0.7102055007860674,0.7219838818811092
202,-0.01032524438437957,0.10563803262386104,0.8871103589767084,0.27883659659438664,0.5038086675641424,0.907551421326814,0.6917157850514302,0.703494166146472
203,0.9896747556156205,-0.05563565070044722,0.9842099891573114,0.23854722807515988,0.5908841850782085,0.8658588559135229,0.49264823248617906,0.6054991035445593
204,1.0,-0.21690933402475548,1.0,0.1982578595559331,0.6779597025922746,0.8241662905002317,0.2935806799209279,0.5075040409426467
205,0.8387263166756918,0.7830906659752446,1.0,0.11431220589655257,0.6659946621102191,0.8466942221028667,0.2793637577586803,0.3796931727502328
206,0.6774526333513835,1.0,1.0,0.030366552237172027,0.6540296216281636,0.8692221537055017,0.26514683559643265,0.2518823045578189
207,0.6589629176167463,0.9815102842653628,0.9815102842653628,0.011876836502534814,0.6355399058935264,0.8507324379708645,0.24665711986179545,0.2333925888231817
208,0.6404732018821091,0.9630205685307256,0.9630205685307256,-0.006612879232102398,0.6170501901588892,0.8322427222362273,0.22816740412715825,0.2149028730885445
209,0.6001838333628823,0.879074914871345,0.8601172424258776,0.9933871207678976,0.686411695642245,0.6687038770934142,0.24928731238896845,0.28738257205708295
210,0.5598944648436555,0.7951292612119645,0.7572139163210296,1.0,0.7557732011256009,0.505165031950601,0.27040722065077866,0.3598622710256214
211,0.5414047491090183,0.7766395454773273,0.7387242005863924,0.9815102842653628,0.7372834853909637,0.4866753162159638,0.25191750491614145,0.3413725552909842
212,0.522915033374381,0.7581498297426901,0.7202344848517552,0.9630205685307256,0.7187937696563265,0.4681856004813266,0.23342778918150425,0.322882839556347
213,0.5044253176397439,0.7396601140080529,0.701744769117118,0.9445308527960884,0.7003040539216893,0.4496958847466894,0.21493807344686705,0.3043931238217098
214,0.48593560190510665,0.7211703982734157,0.6832550533824808,0.9260411370614512,0.6818143381870521,0.4312061690120522,0.19644835771222985,0.2859034080870726
215,0.46744588617046945,0.7026806825387785,0.6647653376478436,0.907551421326814,0.6633246224524149,0.412716453277415,0.17795864197759265,0.2674136923524354
216,0.44895617043583225,0.6841909668041413,0.6462756219132064,0.8890617055921768,0.6448349067177777,0.3942267375427778,0.15946892624295544,0.2489239766177982
217,0.43046645470119504,0.6657012510695041,0.6277859061785692,0.8705719898575396,0.6263451909831405,0.3757370218081406,0.14097921050831824,0.230434260883161
218,0.41197673896655784,0.6472115353348669,0.609296190443932,0.8520822741229024,0.6078554752485033,0.3572473060735034,0.12248949477368103,0.2119445451485238
219,0.39348702323192064,0.6287218196002297,0.5908064747092948,0.8335925583882652,0.589365759513866,0.3387575903388662,0.10399977903904381,0.1934548294138866
220,0.37499730749728344,0.6102321038655925,0.5723167589746576,0.815102842653628,0.5708760437792288,0.320267874604229,0.0855100633044066,0.17496511367924938
221,0.35650759176264624,0.5917423881309553,0.5538270432400204,0.7966131269189908,0.5523863280445916,0.3017781588695918,0.06702034756976938,0.15647539794461218
222,0.33801787602800903,0.573252672396318,0.5353373275053832,0.7781234111843536,0.5338966123099544,0.2832884431349546,0.04853063183513216,0.13798568220997498
223,0.31952816029337183,0.5547629566616809,0.516847611770746,0.7596336954497164,0.5154068965753172,0.2647987274003174,0.03004091610049495,0.11949596647533776
224,0.30103844455873463,0.5362732409270436,0.4983578960361088,0.7411439797150792,0.49691718084068004,0.2463090116656802,0.011551200365857738,0.10100625074070055
225,0.28254872882409743,0.5177835251924064,0.4798681803014716,0.722654263980442,0.47842746510604284,0.227819295931043,-0.006938515368779475,0.08251653500606333
226,0.08348117625884625,0.5035666030301589,0.5197069269647777,0.7437741722422522,0.5471966385157182,0.2900712098727051,0.9930614846312206,0.03252995520185101
227,-0.11558637630640492,0.4893496808679113,0.5595456736280838,0.7648940805040624,0.6159658119253936,0.35232312381436726,1.0,-0.017456624602361314
228,0.8844136236935951,0.32807599754360306,0.6566453038086869,0.7246047119848356,0.7030413294394596,0.3106305584010762,0.8009324474347489,-0.11545168720427398
229,1.0,0.1668023142192948,0.75374493398929,0.6843153434656087,0.7901168469535257,0.2689379929877851,0.6018648948694977,-0.21344674980618664
230,0.9020049373980873,0.0389914460268809,0.8718795722571603,0.7567950424341472,0.6728139216909237,0.17615422326493274,0.5518783150652854,0.7865532501938134
231,0.8040098747961747,-0.08881942216553301,0.9900142105250306,0.8292747414026856,0.5555109964283217,0.08337045354208038,0.5018917352610731,1.0
232,0.6427361914718664,0.911180577834467,1.0,0.7453290877433051,0.5435459559462662,0.10589838514471542,0.48767481309882554,0.8721891318075861
233,0.4814625081475582,1.0,1.0,0.6613834340839245,0.5315809154642107,0.12842631674735047,0.4734578909365779,0.7443782636151721
234,0.462972792412921,0.9815102842653628,0.9815102842653628,0.6428937183492873,0.5130911997295735,0.10993660101271326,0.4549681752019407,0.7258885478805349
235,0.4444830766782838,0.9630205685307256,0.9630205685307256,0.6244040026146501,0.4946014839949363,0.09144688527807604,0.4364784594673035,0.7073988321458977
236,0.4259933609436466,0.9445308527960884,0.9445308527960884,0.6059142868800129,0.4761117682602991,0.07295716954343882,0.4179887437326663,0.6889091164112605
237,0.4075036452090094,0.9260411370614512,0.9260411370614512,0.5874245711453757,0.4576220525256619,0.05446745380880161,0.3994990279980291,0.6704194006766233
238,0.3890139294743722,0.907551421326814,0.907551421326814,0.5689348554107385,0.4391323367910247,0.03597773807416439,0.3810093122633919,0.6519296849419861
239,0.370524213739735,0.8890617055921768,0.8890617055921768,0.5504451396761013,0.4206426210563875,0.01748802233952718,0.3625195965287547,0.6334399692073489
240,0.3520344980050978,0.8705719898575396,0.8705719898575396,0.5319554239414641,0.4021529053217503,-0.001001693395110033,0.3440298807941175,0.6149502534727117
241,0.3103419325918067,0.8930999214601746,0.8695963165498054,0.368416578798651,0.43776760597815834,0.99899830660489,0.40628179473577963,0.5221664837498593
242,0.2686493671785156,0.9156278530628096,0.8686206432420712,0.20487773365583783,0.4733823066345664,1.0,0.46853370867744176,0.42938271402700695
243,0.2501596514438784,0.8971381373281724,0.850130927507434,0.18638801792120063,0.4548925908999292,0.9815102842653628,0.45004399294280456,0.41089299829236975
244,0.23166993570924121,0.8786484215935352,0.8316412117727968,0.16789830218656343,0.43640287516529197,0.9630205685307256,0.43155427720816736,0.39240328255773255
245,0.213180219974604,0.860158705858898,0.8131514960381596,0.14940858645192623,0.41791315943065477,0.9445308527960884,0.41306456147353016,0.37391356682309534
246,0.1946905042399668,0.8416689901242608,0.7946617803035224,0.13091887071728903,0.39942344369601757,0.9260411370614512,0.39457484573889295,0.35542385108845814
247,0.1762007885053296,0.8231792743896236,0.7761720645688852,0.11242915498265181,0.38093372796138036,0.907551421326814,0.37608513000425575,0.33693413535382094
248,0.1577110727706924,0.8046895586549864,0.757682348834248,0.0939394392480146,0.36244401222674316,0.8890617055921768,0.35759541426961855,0.31844441961918374
249,0.1392213570360552,0.7861998429203492,0.7391926330996108,0.07544972351337738,0.34395429649210596,0.8705719898575396,0.33910569853498135,0.29995470388454654
250,0.12073164130141799,0.767710127185712,0.7207029173649736,0.05696000777874016,0.32546458075746876,0.8520822741229024,0.32061598280034415,0.28146498814990933
251,0.10224192556678077,0.7492204114510748,0.7022132016303364,0.03847029204410295,0.30697486502283156,0.8335925583882652,0.30212626706570694,0.26297527241527213
252,0.08375220983214356,0.7307306957164376,0.6837234858956992,0.019980576309465734,0.28848514928819435,0.815102842653628,0.28363655133106974,0.24448555668063493
253,0.06526249409750634,0.7122409799818004,0.665233770161062,0.0014908605748285217,0.26999543355355715,0.7966131269189908,0.26514683559643254,0.22599584094599773
254,0.046772778362869125,0.6937512642471632,0.6467440544264248,-0.01699885515980869,0.25150571781891995,0.7781234111843536,0.24665711986179534,0.20750612521136053
255,0.006483409843642346,0.6098056105877826,0.5438407283215768,0.9830011448401913,0.3208672233022758,0.6145845660415404,0.26777702812360554,0.2799858241798989
256,-0.03380595867558443,0.525859956928402,0.44093740221672884,1.0,0.39022872878563164,0.4510457208987273,0.28889693638541575,0.3524655231484374
257,0.9661940413244156,0.3645862736040938,0.5380370323973319,0.9597106314807732,0.47730424629969764,0.4093531554854362,0.08982938382016457,0.2544704605465247
258,1.0,0.20331259027978554,0.635136662577935,0.9194212629615464,0.5643797638137636,0.36766059007214513,-0.1092381687450866,0.15647539794461207
259,0.8009324474347489,0.18909566811753792,0.6749754092412411,0.9405411712233566,0.633148937223439,0.42991250401380726,0.8907618312549134,0.10648881814039975
260,0.6018648948694977,0.1748787459552903,0.7148141559045472,0.9616610794851668,0.7019181106331144,0.4921644179554694,1.0,0.05650223833618742
261,0.5833751791348605,0.1563890302206531,0.69632444016991,0.9431713637505296,0.6834283948984772,0.4736747022208322,0.9815102842653628,0.038012522601550205
262,0.5648854634002233,0.1378993144860159,0.6778347244352728,0.9246816480158924,0.66493867916384,0.455184986486195,0.9630205685307256,0.019522806866912993
263,0.5463957476655861,0.11940959875137867,0.6593450087006356,0.9061919322812552,0.6464489634292028,0.4366952707515578,0.9445308527960884,0.0010330911322757805
264,0.5279060319309489,0.10091988301674146,0.6408552929659984,0.887702216546618,0.6279592476945656,0.4182055550169206,0.9260411370614512,-0.017456624602361432
265,0.4299109693290362,-0.02689098517567245,0.7589899312338687,0.9601819155151564,0.5106563224319636,0.32542178529406823,0.8760545572572389,0.9825433753976386
266,0.33191590672712357,-0.15470185336808634,0.877124569501739,1.0,0.3933533971693616,0.23263801557121588,0.8260679774530266,1.0
267,0.17064222340281532,0.8452981466319136,1.0,0.9160543463406194,0.3813883566873061,0.25516594717385094,0.8118510552907791,0.8721891318075861
268,0.00936854007850706,1.0,1.0,0.8321086926812389,0.3694233162052506,0.277693878776486,0.7976341331285315,0.7443782636151721
269,-0.009121175656130152,0.9815102842653628,0.9815102842653628,0.8136189769466017,0.3509336004706134,0.2592041630418488,0.7791444173938943,0.7258885478805349
270,0.9908788243438699,0.8202366009410545,1.0,0.7733296084273749,0.4380091179846794,0.21751159762855768,0.5800768648286431,0.6278934852786223
271,1.0,0.6589629176167463,1.0,0.733040239908148,0.5250846354987454,0.17581903221526657,0.3810093122633919,0.5298984226767097
272,0.9815102842653628,0.6404732018821091,0.9815102842653628,0.7145505241735108,0.5065949197641082,0.15732931648062937,0.3625195965287547,0.5114087069420725
273,0.9630205685307256,0.6219834861474719,0.9630205685307256,0.6960608084388736,0.488105204029471,0.13883960074599216,0.3440298807941175,0.4929189912074353
274,0.9445308527960884,0.6034937704128347,0.9445308527960884,0.6775710927042364,0.4696154882948338,0.12034988501135495,0.3255401650594803,0.4744292754727981
275,0.9260411370614512,0.5850040546781975,0.9260411370614512,0.6590813769695992,0.4511257725601966,0.10186016927671773,0.3070504493248431,0.4559395597381609
276,0.907551421326814,0.5665143389435603,0.907551421326814,0.640591661234962,0.4326360568255594,0.08337045354208052,0.2885607335902059,0.4374498440035237
277,0.8890617055921768,0.5480246232089231,0.8890617055921768,0.6221019455003248,0.4141463410909222,0.0648807378074433,0.2700710178555687,0.4189601282688865
278,0.8705719898575396,0.5295349074742859,0.8705719898575396,0.6036122297656876,0.395656625356285,0.046391022072806085,0.2515813021209315,0.4004704125342493
279,0.8520822741229024,0.5110451917396487,0.8520822741229024,0.5851225140310504,0.3771669096216478,0.027901306338168872,0.2330915863862943,0.3819806967996121
280,0.8335925583882652,0.4925554760050115,0.8335925583882652,0.5666327982964132,0.3586771938870106,0.00941159060353166,0.2146018706516571,0.3634909810649749
281,0.815102842653628,0.4740657602703743,0.815102842653628,0.548143082561776,0.3401874781523734,-0.009078125131105553,0.1961121549170199,0.3450012653303377
282,0.7734102772403368,0.4965936918730093,0.8141271693458938,0.3846042374189629,0.3758021788087814,0.9909218748688945,0.258364068858682,0.25221749560748535
283,0.7317177118270457,0.5191216234756443,0.8131514960381596,0.22106539227614974,0.41141687946518946,1.0,0.32061598280034415,0.159433725884633
284,0.7132279960924085,0.5006319077410071,0.7946617803035224,0.20257567654151254,0.39292716373055225,0.9815102842653628,0.30212626706570694,0.1409440101499958
285,0.6947382803577713,0.4821421920063699,0.7761720645688852,0.18408596080687534,0.37443744799591505,0.9630205685307256,0.28363655133106974,0.12245429441535859
286,0.6762485646231341,0.46365247627173267,0.757682348834248,0.16559624507223814,0.35594773226127785,0.9445308527960884,0.26514683559643254,0.10396457868072137
287,0.6577588488884969,0.44516276053709547,0.7391926330996108,0.14710652933760093,0.33745801652664065,0.9260411370614512,0.24665711986179534,0.08547486294608415
288,0.6392691331538597,0.42667304480245827,0.7207029173649736,0.12861681360296373,0.31896830079200345,0.907551421326814,0.22816740412715814,0.06698514721144694
289,0.6207794174192225,0.40818332906782107,0.7022132016303364,0.11012709786832652,0.30047858505736624,0.8890617055921768,0.20967768839252093,0.04849543147680972
290,0.6022897016845853,0.38969361333318386,0.6837234858956992,0.0916373821336893,0.28198886932272904,0.8705719898575396,0.19118797265788373,0.03000571574217251
291,0.5837999859499481,0.37120389759854666,0.665233770161062,0.07314766639905208,0.26349915358809184,0.8520822741229024,0.17269825692324653,0.011516000007535297
292,0.5653102702153109,0.35271418186390946,0.6467440544264248,0.05465795066441487,0.24500943785345464,0.8335925583882652,0.15420854118860933,-0.006973715727101915
293,0.46731520761339823,0.22490331367149557,0.7648786926942951,0.1271376496329533,0.1277065125908526,0.7408087886654128,0.104221961384397,0.9930262842728981
294,0.3693201450114856,0.09709244547908166,0.8830133309621654,0.19961734860149172,0.010403587328250575,0.6480250189425604,0.05423538158018468,1.0
295,0.3508304292768484,0.07860272974444445,0.8645236152275282,0.18112763286685452,-0.008086128406386638,0.6295353032079232,0.03574566584554746,0.9815102842653628
296,0.4379059467909144,0.06663768926238893,0.9400474462942716,0.25048913835021036,0.9919138715936133,0.6651500038643312,0.10451483925522284,0.8642073590027608
297,0.5249814643049804,0.05467264878033341,1.0,0.3198506438335662,1.0,0.7007647045207392,0.17328401266489823,0.7469044337401588
298,0.5064917485703432,0.0361829330456962,0.9815102842653628,0.301360928098929,0.9815102842653628,0.682274988786102,0.15479429693026103,0.7284147180055216
299,0.488002032835706,0.017693217311058985,0.9630205685307256,0.2828712123642918,0.9630205685307256,0.6637852730514648,0.13630458119562383,0.7099250022708844
300,0.4695123171010688,-0.0007964984235782277,0.9445308527960884,0.2643814966296546,0.9445308527960884,0.6452955573168276,0.11781486546098661,0.6914352865362472
301,0.30823863377676053,0.9992035015764218,1.0,0.18043584297027407,0.9325658123140329,0.6678234889194626,0.10359794329873899,0.5636244183438333
302,0.14696495045245228,1.0,1.0,0.09649018931089352,0.9206007718319774,0.6903514205220976,0.08938102113649136,0.43581355015141937
303,0.12847523471781508,0.9815102842653628,0.9815102842653628,0.07800047357625631,0.9021110560973402,0.6718617047874604,0.07089130540185415,0.41732383441678217
304,0.10998551898317786,0.9630205685307256,0.9630205685307256,0.05951075784161909,0.883621340362703,0.6533719890528232,0.05240158966721693,0.39883411868214497
305,0.09149580324854065,0.9445308527960884,0.9445308527960884,0.041021042106981875,0.8651316246280658,0.634882273318186,0.03391187393257972,0.38034440294750776
306,0.07300608751390343,0.9260411370614512,0.9260411370614512,0.022531326372344663,0.8466419088934286,0.6163925575835488,0.015422158197942504,0.36185468721287056
307,0.054516371779266215,0.907551421326814,0.907551421326814,0.00404161063770745,0.8281521931587914,0.5979028418489116,-0.003067557536694708,0.34336497147823336
308,-0.14455118078598495,0.8933344991645664,0.9473901679901201,0.025161518899517624,0.8969213665684668,0.6601547557905738,0.9969324424633053,0.293378391674021
309,-0.3436187333512361,0.8791175770023189,0.9872289146534262,0.0462814271613278,0.9656905399781421,0.722406669732236,1.0,0.24339181186980874
310,0.6563812666487638,0.7178438936780106,1.0,0.00599205864210102,1.0,0.6807141043189449,0.8009324474347489,0.14539674926789609
311,1.0,0.5565702103537024,1.0,-0.03429730987712576,1.0,0.6390215389056537,0.6018648948694977,0.04740168666598342
312,0.9597106314807732,0.4726245566943218,0.897096673895152,0.9657026901228742,1.0,0.4754826937628406,0.6229848031313079,0.11988138563452182
313,0.9194212629615464,0.38867890303494124,0.794193347790304,1.0,1.0,0.31194384862002744,0.6441047113931181,0.19236108460306023
314,0.9009315472269092,0.37018918730030403,0.7757036320556668,0.9815102842653628,0.9815102842653628,0.29345413288539024,0.6256149956584809,0.17387136886842303
315,0.882441831492272,0.35169947156566683,0.7572139163210296,0.9630205685307256,0.9630205685307256,0.27496441715075304,0.6071252799238437,0.15538165313378582
316,0.8639521157576348,0.33320975583102963,0.7387242005863924,0.9445308527960884,0.9445308527960884,0.25647470141611584,0.5886355641892065,0.13689193739914862
317,0.8454624000229976,0.31472004009639243,0.7202344848517552,0.9260411370614512,0.9260411370614512,0.23798498568147863,0.5701458484545693,0.1184022216645114
318,0.8269726842883603,0.2962303243617552,0.701744769117118,0.907551421326814,0.907551421326814,0.21949526994684143,0.5516561327199321,0.09991250592987419
319,0.8084829685537231,0.277740608627118,0.6832550533824808,0.8890617055921768,0.8890617055921768,0.20100555421220423,0.5331664169852949,0.08142279019523697
320,0.789993252819086,0.2592508928924808,0.6647653376478436,0.8705719898575396,0.8705719898575396,0.18251583847756703,0.5146767012506577,0.06293307446059976
321,0.7715035370844487,0.24076117715784362,0.6462756219132064,0.8520822741229024,0.8520822741229024,0.16402612274292983,0.4961869855160205,0.04444335872596254
322,0.7530138213498115,0.22227146142320642,0.6277859061785692,0.8335925583882652,0.8335925583882652,0.14553640700829262,0.47769726978138327,0.02595364299132533
323,0.7345241056151743,0.20378174568856922,0.609296190443932,0.815102842653628,0.815102842653628,0.12704669127365542,0.45920755404674607,0.007463927256688117
324,0.7160343898805371,0.185292029953932,0.5908064747092948,0.7966131269189908,0.7966131269189908,0.1085569755390182,0.44071783831210887,-0.011025788477949095
325,0.6180393272786245,0.0574811617615181,0.7089411129771651,0.8690928258875292,0.6793102016563888,0.015773205816165845,0.3907312585078966,0.9889742115220509
326,0.5200442646767119,-0.07032970643089581,0.8270757512450354,0.9415725248560677,0.5620072763937868,-0.07701056390668652,0.3407446787036843,1.0
327,0.47835169926342086,-0.04780177482826077,0.8261000779373012,0.7780336797132545,0.5976219770501948,0.9229894360933135,0.40299659264534643,0.9072162302771477
328,0.4366591338501298,-0.025273843225625727,0.825124404629567,0.6144948345704414,0.6332366777066029,1.0,0.46524850658700856,0.8144324605542953
329,0.27538545052582153,0.9747261567743742,0.9850593288669364,0.5305491809110608,0.6212716372245474,1.0,0.45103158442476093,0.6866215923618814
330,0.11411176720151327,1.0,1.0,0.4466035272516803,0.6093065967424919,1.0,0.4368146622625133,0.5588107241694674
331,0.09562205146687605,0.9815102842653628,0.9815102842653628,0.4281138115170431,0.5908168810078547,0.9815102842653628,0.4183249465278761,0.5403210084348302
332,0.07713233573223884,0.9630205685307256,0.9630205685307256,0.4096240957824059,0.5723271652732175,0.9630205685307256,0.3998352307932389,0.521831292700193
333,0.05864261999760162,0.9445308527960884,0.9445308527960884,0.3911343800477687,0.5538374495385803,0.9445308527960884,0.3813455150586017,0.5033415769655558
334,0.0401529042629644,0.9260411370614512,0.9260411370614512,0.3726446643131315,0.5353477338039431,0.9260411370614512,0.3628557993239645,0.4848518612309186
335,0.02166318852832719,0.907551421326814,0.907551421326814,0.3541549485784943,0.5168580180693059,0.907551421326814,0.3443660835893273,0.4663621454962814
336,0.0031734727936899784,0.8890617055921768,0.8890617055921768,0.3356652328438571,0.49836830233466867,0.8890617055921768,0.3258763678546901,0.4478724297616442
337,-0.015316242940947234,0.8705719898575396,0.8705719898575396,0.3171755171092199,0.47987858660003146,0.8705719898575396,0.3073866521200529,0.429382714027007
338,0.9846837570590528,0.7092983065332313,0.9676716200381427,0.2768861485899931,0.5669541041140975,0.8288794244442484,0.10831909955480172,0.33138765142509435
339,1.0,0.5480246232089231,1.0,0.23659678007076634,0.6540296216281636,0.7871868590309573,-0.09074845301044945,0.2333925888231817
340,0.8009324474347489,0.5338077010466755,1.0,0.25771668833257655,0.722798795037839,0.8494387729726195,0.9092515469895506,0.1834060090189694
341,0.6018648948694977,0.519590778884428,1.0,0.27883659659438675,0.7915679684475143,0.9116906869142817,1.0,0.13341942921475708
342,0.5833751791348605,0.5011010631497907,0.9815102842653628,0.26034688085974955,0.7730782527128771,0.8932009711796445,0.9815102842653628,0.11492971348011986
343,0.5648854634002233,0.48261134741515355,0.9630205685307256,0.24185716512511235,0.7545885369782399,0.8747112554450073,0.9630205685307256,0.09643999774548265
344,0.5463957476655861,0.46412163168051634,0.9445308527960884,0.22336744939047515,0.7360988212436027,0.8562215397103701,0.9445308527960884,0.07795028201084543
345,0.5279060319309489,0.44563191594587914,0.9260411370614512,0.20487773365583795,0.7176091055089655,0.8377318239757329,0.9260411370614512,0.059460566276208215
346,0.5094163161963117,0.42714220021124194,0.907551421326814,0.18638801792120074,0.6991193897743283,0.8192421082410957,0.907551421326814,0.040970850541571
347,0.49092660046167447,0.40865248447660474,0.8890617055921768,0.16789830218656354,0.6806296740396911,0.8007523925064585,0.8890617055921768,0.022481134806933787
348,0.47243688472703727,0.39016276874196754,0.8705719898575396,0.14940858645192634,0.6621399583050539,0.7822626767718213,0.8705719898575396,0.0039914190722965745
349,0.45394716899240006,0.37167305300733033,0.8520822741229024,0.13091887071728914,0.6436502425704167,0.7637729610371841,0.8520822741229024,-0.014498296662340638
350,0.3559521063904874,0.24386218481491645,0.9702169123907727,0.20339856968582756,0.5263473173078147,0.6709891913143317,0.8020956943186901,0.9855017033376594
351,0.25795704378857476,0.11605131662250255,1.0,0.275878268654366,0.4090443920452127,0.5782054215914793,0.7521091145144778,1.0
352,0.23946732805393756,0.09756160088786534,0.9815102842653628,0.2573885529197288,0.3905546763105755,0.559715705856842,0.7336193987798406,0.9815102842653628
353,0.22097761231930035,0.07907188515322812,0.9630205685307256,0.23889883718509158,0.3720649605759383,0.5412259901222048,0.7151296830452034,0.9630205685307256
354,0.20248789658466315,0.0605821694185909,0.9445308527960884,0.22040912145045438,0.3535752448413011,0.5227362743875676,0.6966399673105662,0.9445308527960884
355,0.18399818085002595,0.04209245368395369,0.9260411370614512,0.20191940571581718,0.3350855291066639,0.5042465586529304,0.678150251575929,0.9260411370614512
356,0.16550846511538875,0.023602737949316475,0.907551421326814,0.18342968998117998,0.3165958133720267,0.48575684291829324,0.6596605358412918,0.907551421326814
357,0.14701874938075155,0.005113022214679262,0.8890617055921768,0.16493997424654278,0.2981060976373895,0.46726712718365604,0.6411708201066546,0.8890617055921768
358,0.12852903364611434,-0.01337669351995795,0.8705719898575396,0.14645025851190557,0.2796163819027523,0.44877741144901884,0.6226811043720174,0.8705719898575396
359,-0.03274464967819392,0.986623306480042,1.0,0.06250460485252503,0.2676513414206968,0.4713053430516539,0.6084641822097698,0.7427611216651256
360,-0.19401833300250215,1.0,1.0,-0.021441048806855514,0.2556863009386413,0.49383327465428895,0.5942472600475223,0.6149502534727117
361,0.8059816669974978,0.8387263166756918,1.0,-0.061730417326082296,0.3427618184527073,0.45214070924099786,0.3951797074822711,0.5169551908707991
362,1.0,0.6774526333513835,1.0,-0.10201978584530907,0.4298373359667733,0.4104481438277068,0.19611215491701994,0.41896012826888646
363,0.9597106314807732,0.593506979692003,0.897096673895152,0.8979802141546909,0.49919884145012916,0.24690929868489364,0.21723206317883012,0.49143982723742485
364,0.9194212629615464,0.5095613260326224,0.794193347790304,1.0,0.568560346933485,0.08337045354208049,0.2383519714406403,0.5639195262059633
365,0.9009315472269092,0.4910716102979852,0.7757036320556668,0.9815102842653628,0.5500706311988478,0.06488073780744327,0.2198622557060031,0.5454298104713261
366,0.882441831492272,0.472581894563348,0.7572139163210296,0.9630205685307256,0.5315809154642106,0.04639102207280606,0.2013725399713659,0.5269400947366889
367,0.8639521157576348,0.4540921788287108,0.7387242005863924,0.9445308527960884,0.5130911997295734,0.027901306338168844,0.1828828242367287,0.5084503790020517
368,0.8454624000229976,0.4356024630940736,0.7202344848517552,0.9260411370614512,0.4946014839949362,0.009411590603531632,0.1643931085020915,0.4899606632674145
369,0.8269726842883603,0.4171127473594364,0.701744769117118,0.907551421326814,0.476111768260299,-0.00907812513110558,0.1459033927674543,0.4714709475327773
370,0.7852801188750692,0.43964067896207143,0.7007690958093838,0.7440125761840009,0.511726468916707,0.9909218748688944,0.20815530670911642,0.37868717780992495
371,0.7435875534617781,0.4621686105647065,0.6997934225016497,0.5804737310411877,0.5473411695731151,1.0,0.27040722065077855,0.2859034080870726
372,0.7250978377271409,0.4436788948300693,0.6813037067670125,0.5619840153065505,0.5288514538384779,0.9815102842653628,0.25191750491614134,0.2674136923524354
373,0.7066081219925037,0.4251891790954321,0.6628139910323753,0.5434942995719133,0.5103617381038407,0.9630205685307256,0.23342778918150414,0.2489239766177982
374,0.6881184062578665,0.4066994633607949,0.6443242752977381,0.5250045838372761,0.49187202236920347,0.9445308527960884,0.21493807344686694,0.230434260883161
375,0.6696286905232293,0.3882097476261577,0.6258345595631009,0.5065148681026389,0.47338230663456626,0.9260411370614512,0.19644835771222974,0.2119445451485238
376,0.6511389747885921,0.3697200318915205,0.6073448438284637,0.4880251523680017,0.45489259089992906,0.907551421326814,0.17795864197759254,0.1934548294138866
377,0.6326492590539549,0.35123031615688327,0.5888551280938265,0.4695354366333645,0.43640287516529186,0.8890617055921768,0.15946892624295533,0.17496511367924938
378,0.6141595433193177,0.33274060042224607,0.5703654123591892,0.4510457208987273,0.41791315943065466,0.8705719898575396,0.14097921050831813,0.15647539794461218
379,0.5956698275846805,0.31425088468760887,0.551875696624552,0.4325560051640901,0.39942344369601746,0.8520822741229024,0.12248949477368092,0.13798568220997498
380,0.5771801118500433,0.29576116895297166,0.5333859808899148,0.4140662894294529,0.38093372796138025,0.8335925583882652,0.1039997790390437,0.11949596647533776
381,0.558690396115406,0.27727145321833446,0.5148962651552776,0.3955765736948157,0.36244401222674305,0.815102842653628,0.08551006330440648,0.10100625074070055
382,0.5402006803807688,0.25878173748369726,0.49640654942064044,0.3770868579601785,0.34395429649210585,0.7966131269189908,0.06702034756976927,0.08251653500606333
383,0.5217109646461316,0.24029202174906006,0.47791683368600324,0.3585971422255413,0.32546458075746865,0.7781234111843536,0.04853063183513205,0.06402681927142612
384,0.5032212489114944,0.22180230601442286,0.45942711795136604,0.3401074264909041,0.30697486502283144,0.7596336954497164,0.03004091610049484,0.0455371035367889
385,0.48473153317685724,0.20331259027978565,0.44093740221672884,0.3216177107562669,0.28848514928819424,0.7411439797150792,0.011551200365857626,0.027047387802151688
386,0.46624181744222004,0.18482287454514845,0.42244768648209163,0.3031279950216297,0.26999543355355704,0.722654263980442,-0.006938515368779586,0.008557672067514475
387,0.2671742648769689,0.17060595238290083,0.46228643314539775,0.3242479032834399,0.3387646069632324,0.7849061779221042,0.9930614846312205,-0.04142890773669784
388,0.06810671231171771,0.1563890302206532,0.5021251798087039,0.3453678115452501,0.4075337803729078,0.8471580918637663,1.0,-0.09141548754091017
389,-0.029888350290194956,0.028578162028239294,0.6202598180765742,0.41784751051378854,0.2902308551103058,0.7543743221409139,0.9500134201957877,0.9085845124590899
390,-0.1278834128921076,-0.09923270616417462,0.7383944563444444,0.490327209482327,0.17292792984770375,0.6615905524180615,0.9000268403915754,1.0
391,-0.28915709621641583,0.9007672938358253,0.8983293805818137,0.40638155582294644,0.16096288936564823,0.6841184840206965,0.8858099182293279,0.8721891318075861
392,-0.4504307795407241,1.0,1.0,0.3224359021635659,0.14899784888359274,0.7066464156233315,0.8715929960670803,0.7443782636151721
393,0.5495692204592759,0.8387263166756918,1.0,0.2821465336443391,0.23607336639765875,0.6649538502100404,0.6725254435018292,0.6463832010132594
394,1.0,0.6774526333513835,1.0,0.24185716512511235,0.32314888391172475,0.6232612847967492,0.47345789093657803,0.5483881384113468
395,0.9815102842653628,0.6589629176167463,0.9815102842653628,0.22336744939047515,0.30465916817708755,0.604771569062112,0.4549681752019408,0.5298984226767096
396,0.9630205685307256,0.6404732018821091,0.9630205685307256,0.20487773365583795,0.28616945244245034,0.5862818533274748,0.4364784594673036,0.5114087069420724
397,0.9445308527960884,0.6219834861474719,0.9445308527960884,0.18638801792120074,0.26767973670781314,0.5677921375928376,0.4179887437326664,0.4929189912074352
398,0.9260411370614512,0.6034937704128347,0.9260411370614512,0.16789830218656354,0.24919002097317594,0.5493024218582004,0.3994990279980292,0.474429275472798
399,0.907551421326814,0.5850040546781975,0.907551421326814,0.14940858645192634,0.23070030523853874,0.5308127061235632,0.381009312263392,0.4559395597381608
400,0.8890617055921768,0.5665143389435603,0.8890617055921768,0.13091887071728914,0.21221058950390154,0.512322990388926,0.3625195965287548,0.4374498440035236
401,0.8705719898575396,0.5480246232089231,0.8705719898575396,0.11242915498265192,0.19372087376926433,0.49383327465428883,0.3440298807941176,0.4189601282688864
402,0.8520822741229024,0.5295349074742859,0.8520822741229024,0.0939394392480147,0.17523115803462713,0.47534355891965163,0.3255401650594804,0.4004704125342492
403,0.8335925583882652,0.5110451917396487,0.8335925583882652,0.07544972351337749,0.15674144229998993,0.45685384318501443,0.3070504493248432,0.381980696799612
404,0.815102842653628,0.4925554760050115,0.815102842653628,0.056960007778740274,0.13825172656535273,0.43836412745037723,0.288560733590206,0.3634909810649748
405,0.7966131269189908,0.4740657602703743,0.7966131269189908,0.03847029204410306,0.11976201083071551,0.41987441171574,0.2700710178555688,0.3450012653303376
406,0.7781234111843536,0.4555760445357371,0.7781234111843536,0.019980576309465845,0.1012722950960783,0.4013846959811028,0.2515813021209316,0.3265115495957004
407,0.7596336954497164,0.4370863288010999,0.7596336954497164,0.0014908605748286327,0.08278257936144108,0.3828949802464656,0.2330915863862944,0.3080218338610632
408,0.7411439797150792,0.4185966130664627,0.7411439797150792,-0.01699885515980858,0.06429286362680386,0.3644052645118284,0.2146018706516572,0.289532118126426
409,0.7008546111958524,0.3346509594070821,0.6382406536102312,0.9830011448401914,0.1336543691101597,0.20086641936901528,0.2357217789134674,0.36201181709496444
410,0.6605652426766255,0.25070530574770156,0.5353373275053832,1.0,0.20301587459351556,0.03732757422620213,0.2568416871752776,0.4344915160635029
411,0.6420755269419883,0.23221559001306435,0.516847611770746,0.9815102842653628,0.18452615885887835,0.018837858491564916,0.2383519714406404,0.4160018003288657
412,0.6235858112073511,0.21372587427842715,0.4983578960361088,0.9630205685307256,0.16603644312424115,0.00034814275692770374,0.2198622557060032,0.3975120845942285
413,0.6050960954727139,0.19523615854378995,0.4798681803014716,0.9445308527960884,0.14754672738960395,-0.01814157297770951,0.201372539971366,0.3790223688595913
414,0.5634035300594228,0.217764090146425,0.4788925069937375,0.7809920076532753,0.183161428046012,0.9818584270222905,0.26362445391302813,0.28623859913673894
415,0.5217109646461316,0.24029202174906006,0.47791683368600335,0.6174531625104621,0.21877612870242003,1.0,0.32587636785469026,0.1934548294138866
416,0.5032212489114944,0.22180230601442286,0.45942711795136615,0.5989634467758249,0.20028641296778282,0.9815102842653628,0.30738665212005306,0.17496511367924938
417,0.48473153317685724,0.20331259027978565,0.44093740221672895,0.5804737310411877,0.18179669723314562,0.9630205685307256,0.28889693638541586,0.15647539794461218
418,0.46624181744222004,0.18482287454514845,0.42244768648209174,0.5619840153065505,0.16330698149850842,0.9445308527960884,0.27040722065077866,0.13798568220997498
419,0.44775210170758284,0.16633315881051125,0.40395797074745454,0.5434942995719133,0.14481726576387122,0.9260411370614512,0.25191750491614145,0.11949596647533776
420,0.42926238597294564,0.14784344307587405,0.38546825501281734,0.5250045838372761,0.12632755002923401,0.907551421326814,0.23342778918150425,0.10100625074070055
421,0.41077267023830843,0.12935372734123685,0.36697853927818014,0.5065148681026389,0.1078378342945968,0.8890617055921768,0.21493807344686705,0.08251653500606333
422,0.39228295450367123,0.11086401160659963,0.34848882354354294,0.4880251523680017,0.08934811855995958,0.8705719898575396,0.19644835771222985,0.06402681927142612
423,0.37379323876903403,0.09237429587196241,0.32999910780890573,0.4695354366333645,0.07085840282532237,0.8520822741229024,0.17795864197759265,0.0455371035367889
424,0.35530352303439683,0.0738845801373252,0.31150939207426853,0.4510457208987273,0.05236868709068515,0.8335925583882652,0.15946892624295544,0.027047387802151688
425,0.3368138072997596,0.05539486440268798,0.29301967633963133,0.4325560051640901,0.033878971356047935,0.815102842653628,0.14097921050831824,0.008557672067514475
426,0.3183240915651224,0.036905148668050766,0.2745299606049941,0.4140662894294529,0.015389255621410722,0.7966131269189908,0.12248949477368103,-0.009932043667122737
427,0.22032902896320977,-0.09090571952436315,0.3926645988728644,0.48654598839799135,-0.10191366964119132,0.7038293571961384,0.0725029149694687,0.9900679563328773
428,0.1223339663612971,-0.21871658771677704,0.5107992371407347,0.5590256873665298,-0.21921659490379336,0.611045587473286,0.02251633516525638,1.0
429,0.20940948387536312,-0.23068162819883253,0.5863230682074781,0.6283871928498856,0.7807834050962066,0.646660288129694,0.09128550857493176,0.882697074737398
430,0.2964850013894291,-0.24264666868088802,0.6618468992742216,0.6977486983332415,1.0,0.682274988786102,0.16005468198460715,0.765394149474796
431,0.13521131806512088,0.757353331319112,0.8217818235115909,0.6138030446738609,0.9880349595179444,0.704802920388737,0.14583775982235953,0.6375832812823821
432,-0.02606236525918738,1.0,0.9817167477489602,0.5298573910144804,0.9760699190358889,0.727330851991372,0.1316208376601119,0.5097724130899681
433,0.9739376347408126,0.8387263166756918,1.0,0.48956802249525355,1.0,0.6856382865780809,-0.06744671490513927,0.41177735048805547
434,1.0,0.6774526333513835,1.0,0.4492786539760268,1.0,0.6439457211647898,-0.2665142674703904,0.3137822878861428
435,0.8009324474347489,0.6632357111891359,1.0,0.470398562237837,1.0,0.706197635106452,0.7334857325296096,0.26379570808193054
436,0.6018648948694977,0.6490187890268884,1.0,0.49151847049964714,1.0,0.7684495490481141,1.0,0.21380912827771822
437,0.5833751791348605,0.6305290732922512,0.9815102842653628,0.47302875476500994,0.9815102842653628,0.7499598333134769,0.9815102842653628,0.19531941254308102
438,0.5648854634002233,0.612039357557614,0.9630205685307256,0.45453903903037274,0.9630205685307256,0.7314701175788397,0.9630205685307256,0.17682969680844382
439,0.5463957476655861,0.5935496418229768,0.9445308527960884,0.43604932329573554,0.9445308527960884,0.7129804018442025,0.9445308527960884,0.15833998107380662
440,0.5279060319309489,0.5750599260883396,0.9260411370614512,0.41755960756109833,0.9260411370614512,0.6944906861095653,0.9260411370614512,0.13985026533916942
441,0.5094163161963117,0.5565702103537024,0.907551421326814,0.39906989182646113,0.907551421326814,0.6760009703749281,0.907551421326814,0.1213605496045322
442,0.49092660046167447,0.5380804946190652,0.8890617055921768,0.38058017609182393,0.8890617055921768,0.6575112546402909,0.8890617055921768,0.10287083386989498
443,0.47243688472703727,0.519590778884428,0.8705719898575396,0.3620904603571867,0.8705719898575396,0.6390215389056537,0.8705719898575396,0.08438111813525777
444,0.45394716899240006,0.5011010631497907,0.8520822741229024,0.3436007446225495,0.8520822741229024,0.6205318231710165,0.8520822741229024,0.06589140240062055
445,0.43545745325776286,0.48261134741515355,0.8335925583882652,0.3251110288879123,0.8335925583882652,0.6020421074363793,0.8335925583882652,0.047401686665983336
446,0.41696773752312566,0.46412163168051634,0.815102842653628,0.3066213131532751,0.815102842653628,0.5835523917017421,0.815102842653628,0.028911970931346124
447,0.39847802178848846,0.44563191594587914,0.7966131269189908,0.2881315974186379,0.7966131269189908,0.5650626759671049,0.7966131269189908,0.010422255196708911
448,0.37998830605385125,0.42714220021124194,0.7781234111843536,0.2696418816840007,0.7781234111843536,0.5465729602324677,0.7781234111843536,-0.008067460537928301
449,0.2819932434519386,0.29933133201882806,0.8962580494522239,0.34212158065253917,0.6608204859217516,0.45378919050961536,0.7281368313801413,0.9919325394620717
450,0.18399818085002595,0.17152046382641417,1.0,0.4146012796210776,0.5435175606591496,0.361005420786763,0.678150251575929,1.0
451,0.16550846511538875,0.15303074809177697,0.9815102842653628,0.3961115638864404,0.5250278449245124,0.3425157050521258,0.6596605358412918,0.9815102842653628
452,0.14701874938075155,0.13454103235713977,0.9630205685307256,0.3776218481518032,0.5065381291898752,0.3240259893174886,0.6411708201066546,0.9630205685307256
453,0.12852903364611434,0.11605131662250255,0.9445308527960884,0.359132132417166,0.488048413455238,0.3055362735828514,0.6226811043720174,0.9445308527960884
454,0.11003931791147713,0.09756160088786534,0.9260411370614512,0.3406424166825288,0.46955869772060077,0.2870465578482142,0.6041913886373802,0.9260411370614512
455,0.09154960217683991,0.07907188515322812,0.907551421326814,0.3221527009478916,0.45106898198596357,0.268556842113577,0.585701672902743,0.907551421326814
456,0.0730598864422027,0.0605821694185909,0.8890617055921768,0.3036629852132544,0.43257926625132637,0.2500671263789398,0.5672119571681058,0.8890617055921768
457,0.05457017070756548,0.04209245368395369,0.8705719898575396,0.2851732694786172,0.41408955051668916,0.2315774106443026,0.5487222414334686,0.8705719898575396
458,0.036080454972928264,0.023602737949316475,0.8520822741229024,0.26668355374398,0.39559983478205196,0.2130876949096654,0.5302325256988314,0.8520822741229024
459,0.01759073923829105,0.005113022214679262,0.8335925583882652,0.2481938380093428,0.37711011904741476,0.1945979791750282,0.5117428099641942,0.8335925583882652
460,-0.0008989764963461613,-0.01337669351995795,0.815102842653628,0.2297041222747056,0.35862040331277756,0.176108263440391,0.493253094229557,0.815102842653628
461,-0.1621726598206544,0.986623306480042,0.9750377668909972,0.14575846861532507,0.34665536283072207,0.19863619504302604,0.47903617206730936,0.687291974461214
462,-0.3234463431449627,1.0,1.0,0.061812814955944526,0.3346903223486666,0.2211641266456611,0.46481924990506174,0.5594811062688001
463,0.6765536568550373,0.8387263166756918,1.0,0.02152344643671775,0.4217658398627326,0.17947156123236999,0.2657516973398106,0.46148604366688745
464,1.0,0.6774526333513835,1.0,-0.018765922082509028,0.5088413573767986,0.13777899581907888,0.0666841447745594,0.3634909810649748
465,0.9597106314807732,0.593506979692003,0.897096673895152,0.981234077917491,0.5782028628601544,-0.025759849323734273,0.08780405303636958,0.43597068003351325
466,0.9194212629615464,0.5095613260326224,0.794193347790304,1.0,0.6475643683435103,-0.1892986944665474,0.10892396129817976,0.5084503790020517
467,0.8777286975482552,0.5320892576352575,0.7932176744825699,0.8364611548571869,0.6831790689999183,0.8107013055334527,0.1711758752398419,0.41566660927919935
468,0.8360361321349641,0.5546171892378925,0.7922420011748357,0.6729223097143737,0.7187937696563264,1.0,0.23342778918150403,0.322882839556347
469,0.8175464164003269,0.5361274735032553,0.7737522854401985,0.6544325939797365,0.7003040539216892,0.9815102842653628,0.21493807344686683,0.3043931238217098
470,0.7990567006656897,0.5176377577686181,0.7552625697055613,0.6359428782450993,0.681814338187052,0.9630205685307256,0.19644835771222963,0.2859034080870726
471,0.7805669849310525,0.4991480420339809,0.7367728539709241,0.6174531625104621,0.6633246224524147,0.9445308527960884,0.17795864197759242,0.2674136923524354
472,0.7620772691964153,0.4806583262993437,0.7182831382362869,0.5989634467758249,0.6448349067177775,0.9260411370614512,0.15946892624295522,0.2489239766177982
473,0.7435875534617781,0.4621686105647065,0.6997934225016497,0.5804737310411877,0.6263451909831403,0.907551421326814,0.14097921050831802,0.230434260883161
474,0.7250978377271409,0.4436788948300693,0.6813037067670125,0.5619840153065505,0.6078554752485031,0.8890617055921768,0.1224894947736808,0.2119445451485238
475,0.7066081219925037,0.4251891790954321,0.6628139910323753,0.5434942995719133,0.5893657595138659,0.8705719898575396,0.10399977903904359,0.1934548294138866
476,0.6881184062578665,0.4066994633607949,0.6443242752977381,0.5250045838372761,0.5708760437792287,0.8520822741229024,0.08551006330440637,0.17496511367924938
477,0.6696286905232293,0.3882097476261577,0.6258345595631009,0.5065148681026389,0.5523863280445915,0.8335925583882652,0.06702034756976916,0.15647539794461218
478,0.6511389747885921,0.3697200318915205,0.6073448438284637,0.4880251523680017,0.5338966123099543,0.815102842653628,0.04853063183513194,0.13798568220997498
479,0.6326492590539549,0.35123031615688327,0.5888551280938265,0.4695354366333645,0.5154068965753171,0.7966131269189908,0.030040916100494728,0.11949596647533776
480,0.6141595433193177,0.33274060042224607,0.5703654123591892,0.4510457208987273,0.49691718084067993,0.7781234111843536,0.011551200365857515,0.10100625074070055
481,0.5956698275846805,0.31425088468760887,0.551875696624552,0.4325560051640901,0.4784274651060427,0.7596336954497164,-0.006938515368779697,0.08251653500606333
482,0.3966022750194293,0.30003396252536124,0.5917144432878582,0.4536759134259003,0.5471966385157181,0.8218856093913786,0.9930614846312203,0.03252995520185101
483,0.19753472245417814,0.2858170403631136,0.6315531899511643,0.4747958216877105,0.6159658119253935,0.8841375233330407,1.0,-0.017456624602361314
484,0.09953965985226547,0.15800617217069973,0.7496878282190346,0.547275520656249,0.49866288666279146,0.7913537536101883,0.9500134201957877,0.9825433753976387
485,0.0015445972503528062,0.030195303978285824,0.8678224664869049,0.6197552196247874,0.38135996140018946,0.6985699838873359,0.9000268403915754,1.0
486,-0.016945118484284406,0.011705588243648611,0.8493327507522677,0.6012655038901502,0.36287024566555226,0.6800802681526987,0.8815371246569382,0.9815102842653628
487,0.9830548815157156,-0.14956809508065963,0.9464323809328707,0.5609761353709234,0.44994576317961826,0.6383877027394076,0.682469572091687,0.8835152216634502
488,1.0,-0.31084177840496785,1.0,0.5206867668516966,0.5370212806936843,0.5966951373261165,0.4834020195264358,0.7855201590615376
489,0.8387263166756918,0.6891582215950321,1.0,0.436741113192316,0.5250562402116288,0.6192230689287516,0.4691850973641882,0.6577092908691237
490,0.6774526333513835,1.0,1.0,0.35279545953293545,0.5130911997295733,0.6417510005313866,0.45496817520194055,0.5298984226767097
491,0.6589629176167463,0.9815102842653628,0.9815102842653628,0.33430574379829825,0.4946014839949361,0.6232612847967494,0.43647845946730335,0.5114087069420725
492,0.6404732018821091,0.9630205685307256,0.9630205685307256,0.31581602806366105,0.4761117682602989,0.6047715690621122,0.41798874373266615,0.4929189912074353
493,0.6219834861474719,0.9445308527960884,0.9445308527960884,0.29732631232902385,0.4576220525256617,0.586281853327475,0.39949902799802894,0.4744292754727981
494,0.6034937704128347,0.9260411370614512,0.9260411370614512,0.27883659659438664,0.4391323367910245,0.5677921375928378,0.38100931226339174,0.4559395597381609
495,0.5850040546781975,0.907551421326814,0.907551421326814,0.26034688085974944,0.4206426210563873,0.5493024218582006,0.36251959652875454,0.4374498440035237
496,0.5665143389435603,0.8890617055921768,0.8890617055921768,0.24185716512511224,0.4021529053217501,0.5308127061235633,0.34402988079411734,0.4189601282688865
497,0.5480246232089231,0.8705719898575396,0.8705719898575396,0.22336744939047504,0.3836631895871129,0.5123229903889261,0.32554016505948014,0.4004704125342493
498,0.5295349074742859,0.8520822741229024,0.8520822741229024,0.20487773365583783,0.36517347385247567,0.49383327465428895,0.30705044932484293,0.3819806967996121
499,0.5110451917396487,0.8335925583882652,0.8335925583882652,0.18638801792120063,0.34668375811783847,0.47534355891965174,0.28856073359020573,0.3634909810649749
500,0.4925554760050115,0.815102842653628,0.815102842653628,0.16789830218656343,0.32819404238320127,0.45685384318501454,0.27007101785556853,0.3450012653303377
501,0.4740657602703743,0.7966131269189908,0.7966131269189908,0.14940858645192623,0.30970432664856407,0.43836412745037734,0.2515813021209313,0.3265115495957005
502,0.4555760445357371,0.7781234111843536,0.7781234111843536,0.13091887071728903,0.29121461091392686,0.41987441171574014,0.23309158638629413,0.3080218338610633
503,0.4370863288010999,0.7596336954497164,0.7596336954497164,0.11242915498265181,0.27272489517928966,0.40138469598110293,0.21460187065165692,0.2895321181264261
504,0.4185966130664627,0.7411439797150792,0.7411439797150792,0.0939394392480146,0.25423517944465246,0.38289498024646573,0.19611215491701972,0.2710424023917889
505,0.4001068973318255,0.722654263980442,0.722654263980442,0.07544972351337738,0.23574546371001526,0.36440526451182853,0.17762243918238252,0.2525526866571517
506,0.38161718159718827,0.7041645482458048,0.7041645482458048,0.05696000777874016,0.21725574797537806,0.34591554877719133,0.15913272344774532,0.2340629709225145
507,0.36312746586255107,0.6856748325111676,0.6856748325111676,0.03847029204410295,0.19876603224074085,0.3274258330425541,0.14064300771310811,0.2155732551878773
508,0.34463775012791387,0.6671851167765304,0.6671851167765304,0.019980576309465734,0.18027631650610365,0.3089361173079169,0.1221532919784709,0.1970835394532401
509,0.32614803439327666,0.6486954010418932,0.6486954010418932,0.0014908605748285217,0.16178660077146645,0.2904464015732797,0.10366357624383368,0.17859382371860288
510,0.30765831865863946,0.630205685307256,0.630205685307256,-0.01699885515980869,0.14329688503682925,0.2719566858386425,0.08517386050919647,0.16010410798396568
511,0.2673689501394127,0.5462600316478754,0.527302359202408,0.9830011448401913,0.2126583905201851,0.10841784069582937,0.10629376877100664,0.23258380695250414
512,0.22707958162018593,0.46231437798849484,0.42439903309756,1.0,0.28201989600354094,-0.055121004446983785,0.12741367703281684,0.3050635059210426
513,0.18538701620689482,0.48484230959112995,0.42342335978982587,0.8364611548571869,0.317634596659949,0.9448789955530162,0.189665590974479,0.21227973619819024
514,0.1436944507936037,0.507370241193765,0.42244768648209174,0.6729223097143737,0.353249297316357,1.0,0.2519175049161411,0.11949596647533788
515,0.1252047350589665,0.48888052545912775,0.40395797074745454,0.6544325939797365,0.3347595815817198,0.9815102842653628,0.23342778918150392,0.10100625074070066
516,0.1067150193243293,0.47039080972449054,0.38546825501281734,0.6359428782450993,0.3162698658470826,0.9630205685307256,0.21493807344686672,0.08251653500606344
517,0.08822530358969208,0.45190109398985334,0.36697853927818014,0.6174531625104621,0.2977801501124454,0.9445308527960884,0.19644835771222952,0.06402681927142623
518,0.06973558785505486,0.43341137825521614,0.34848882354354294,0.5989634467758249,0.2792904343778082,0.9260411370614512,0.1779586419775923,0.04553710353678901
519,0.051245872120417646,0.41492166252057894,0.32999910780890573,0.5804737310411877,0.260800718643171,0.907551421326814,0.1594689262429551,0.0270473878021518
520,0.03275615638578043,0.39643194678594174,0.31150939207426853,0.5619840153065505,0.2423110029085338,0.8890617055921768,0.1409792105083179,0.008557672067514586
521,0.014266440651143217,0.37794223105130453,0.29301967633963133,0.5434942995719133,0.2238212871738966,0.8705719898575396,0.1224894947736807,-0.009932043667122626
522,-0.08372862195076945,0.25013136285889065,0.4111543146075016,0.6159739985404518,0.10651836191129456,0.7777882201346872,0.07250291496946837,0.9900679563328774
523,-0.18172368455268212,0.12232049466647675,0.5292889528753719,0.6884536975089902,-0.010784563351307477,0.6850044504118348,0.022516335165256047,1.0
524,0.8182763154473178,-0.03895318865783151,0.626388583055975,0.6481643289897634,0.07629095416275852,0.6433118849985436,-0.1765512173999951,0.9020049373980873
525,1.0,-0.20022687198213976,0.7234882132365781,0.6078749604705366,0.16336647167682455,0.6016193195852525,-0.37561876996524624,0.8040098747961747
526,0.8009324474347489,-0.21444379414438738,0.7633269598998842,0.6289948687323468,0.23213564508649998,0.6638712335269147,0.6243812300347538,0.7540232949919624
527,0.6018648948694977,-0.228660716306635,0.8031657065631903,0.650114776994157,0.30090481849617534,0.7261231474685769,1.0,0.7040367151877501
528,0.44059121154518943,0.771339283693365,0.9631006308005595,0.5661691233347764,0.28893977801411985,0.7486510790712119,0.9857830778377524,0.5762258469953362
529,0.2793175282208812,1.0,1.0,0.48222346967539587,0.27697473753206436,0.7711790106738469,0.9715661556755049,0.4484149788029223
530,0.260827812486244,0.9815102842653628,0.9815102842653628,0.46373375394075866,0.25848502179742716,0.7526892949392097,0.9530764399408677,0.4299252630682851
531,0.24233809675160678,0.9630205685307256,0.9630205685307256,0.44524403820612146,0.23999530606278996,0.7341995792045725,0.9345867242062305,0.4114355473336479
532,0.22384838101696958,0.9445308527960884,0.9445308527960884,0.42675432247148426,0.22150559032815276,0.7157098634699353,0.9160970084715933,0.3929458315990107
533,0.20535866528233238,0.9260411370614512,0.9260411370614512,0.40826460673684706,0.20301587459351556,0.6972201477352981,0.897607292736956,0.3744561158643735
534,0.18686894954769517,0.907551421326814,0.907551421326814,0.38977489100220986,0.18452615885887835,0.6787304320006609,0.8791175770023189,0.3559664001297363
535,0.16837923381305797,0.8890617055921768,0.8890617055921768,0.37128517526757265,0.16603644312424115,0.6602407162660237,0.8606278612676816,0.3374766843950991
536,0.14988951807842077,0.8705719898575396,0.8705719898575396,0.35279545953293545,0.14754672738960395,0.6417510005313865,0.8421381455330444,0.3189869686604619
537,0.13139980234378357,0.8520822741229024,0.8520822741229024,0.33430574379829825,0.12905701165496675,0.6232612847967492,0.8236484297984072,0.3004972529258247
538,0.11291008660914635,0.8335925583882652,0.8335925583882652,0.31581602806366105,0.11056729592032953,0.604771569062112,0.80515871406377,0.2820075371911875
539,0.09442037087450914,0.815102842653628,0.815102842653628,0.29732631232902385,0.09207758018569231,0.5862818533274748,0.7866689983291328,0.2635178214565503
540,0.07593065513987192,0.7966131269189908,0.7966131269189908,0.27883659659438664,0.0735878644510551,0.5677921375928376,0.7681792825944956,0.24502810572191308
541,0.0574409394052347,0.7781234111843536,0.7781234111843536,0.26034688085974944,0.05509814871641788,0.5493024218582004,0.7496895668598584,0.22653838998727588
542,0.03895122367059749,0.7596336954497164,0.7596336954497164,0.24185716512511224,0.03660843298178067,0.5308127061235632,0.7311998511252212,0.20804867425263868
543,0.020461507935960275,0.7411439797150792,0.7411439797150792,0.22336744939047504,0.018118717247143454,0.512322990388926,0.712710135390584,0.18955895851800147
544,0.0019717922013230624,0.722654263980442,0.722654263980442,0.20487773365583783,-0.000370998487493758,0.49383327465428883,0.6942204196559468,0.17106924278336427
545,0.08904730971538906,0.7106892234983865,0.7981780950471854,0.2742392391391937,0.9996290015125062,0.5294479753106969,0.7629895930656222,0.05376631752076223
546,0.17612282722945508,0.698724183016331,0.8737019261139288,0.3436007446225495,1.0,0.5650626759671049,0.8317587664752976,-0.0635366077418398
547,0.07812776462754241,0.570913314823917,0.9918365643817991,0.416080443591088,0.882697074737398,0.47227890624425256,0.7817721866710853,0.9364633922581602
548,-0.019867297974370254,0.44310244663150317,1.0,0.48856014255962643,0.765394149474796,0.3794951365214002,0.731785606866873,1.0
549,0.9801327020256297,0.2818287633071949,1.0,0.44827077404039967,0.8524696669888621,0.33780257110810913,0.5327180543016218,0.9020049373980873
550,1.0,0.12055507998288666,1.0,0.4079814055211729,0.9395451845029281,0.29611000569481805,0.3336505017363706,0.8040098747961747
551,0.9815102842653628,0.10206536424824944,0.9815102842653628,0.3894916897865357,0.9210554687682909,0.27762028996018084,0.3151607860017334,0.7855201590615375
552,0.9630205685307256,0.08357564851361222,0.9630205685307256,0.3710019740518985,0.9025657530336537,0.25913057422554364,0.2966710702670962,0.7670304433269003
553,0.9445308527960884,0.06508593277897501,0.9445308527960884,0.3525122583172613,0.8840760372990165,0.24064085849090644,0.278181354532459,0.7485407275922631
554,0.9260411370614512,0.04659621704433779,0.9260411370614512,0.3340225425826241,0.8655863215643793,0.22215114275626924,0.2596916387978218,0.7300510118576259
555,0.907551421326814,0.02810650130970058,0.907551421326814,0.3155328268479869,0.8470966058297421,0.20366142702163204,0.2412019230631846,0.7115612961229887
556,0.8890617055921768,0.009616785575063368,0.8890617055921768,0.2970431111133497,0.8286068900951049,0.18517171128699483,0.2227122073285474,0.6930715803883515
557,0.8705719898575396,-0.008872930159573845,0.8705719898575396,0.2785533953787125,0.8101171743604677,0.16668199555235763,0.2042224915939102,0.6745818646537143
558,0.7092983065332313,0.9911270698404262,1.0,0.19460774171933196,0.7981521338784122,0.18920992715499269,0.19000556943166258,0.5467709964613003
559,0.5480246232089231,1.0,1.0,0.11066208805995141,0.7861870933963567,0.21173785875762774,0.17578864726941495,0.41896012826888646
560,0.5295349074742859,0.9815102842653628,0.9815102842653628,0.0921723723253142,0.7676973776617195,0.19324814302299054,0.15729893153477775,0.40047041253424925
561,0.5110451917396487,0.9630205685307256,0.9630205685307256,0.07368265659067698,0.7492076619270823,0.17475842728835334,0.13880921580014055,0.38198069679961205
562,0.4925554760050115,0.9445308527960884,0.9445308527960884,0.05519294085603976,0.7307179461924451,0.15626871155371613,0.12031950006550333,0.36349098106497485
563,0.4740657602703743,0.9260411370614512,0.9260411370614512,0.03670322512140255,0.7122282304578079,0.13777899581907893,0.10182978433086612,0.34500126533033765
564,0.4555760445357371,0.907551421326814,0.907551421326814,0.018213509386765334,0.6937385147231707,0.11928928008444172,0.0833400685962289,0.32651154959570045
565,0.4370863288010999,0.8890617055921768,0.8890617055921768,-0.0002762063478718782,0.6752487989885335,0.1007995643498045,0.06485035286159169,0.30802183386106324
566,0.3967969602818731,0.8051160519327962,0.7861583794873288,0.9997237936521282,0.7446103044718894,-0.06273928079300865,0.08597026112340185,0.38050153282960164
567,0.35650759176264635,0.7211703982734157,0.6832550533824808,1.0,0.8139718099552452,-0.2262781259358218,0.10709016938521203,0.4529812317981401
568,0.31481502634935526,0.7436983298760508,0.6822793800747466,0.8364611548571869,0.8495865106116532,0.7737218740641782,0.16934208332687417,0.36019746207528774
569,0.2731224609360642,0.7662262614786858,0.6813037067670125,0.6729223097143737,0.8852012112680613,1.0,0.2315939972685363,0.2674136923524354
570,0.254632745201427,0.7477365457440486,0.6628139910323753,0.6544325939797365,0.8667114955334241,0.9815102842653628,0.2131042815338991,0.2489239766177982
571,0.23614302946678978,0.7292468300094114,0.6443242752977381,0.6359428782450993,0.8482217797987869,0.9630205685307256,0.1946145657992619,0.230434260883161
572,0.21765331373215258,0.7107571142747742,0.6258345595631009,0.6174531625104621,0.8297320640641497,0.9445308527960884,0.1761248500646247,0.2119445451485238
573,0.19916359799751537,0.692267398540137,0.6073448438284637,0.5989634467758249,0.8112423483295125,0.9260411370614512,0.1576351343299875,0.1934548294138866
574,0.18067388226287817,0.6737776828054998,0.5888551280938265,0.5804737310411877,0.7927526325948753,0.907551421326814,0.1391454185953503,0.17496511367924938
575,0.16218416652824097,0.6552879670708626,0.5703654123591892,0.5619840153065505,0.7742629168602381,0.8890617055921768,0.12065570286071307,0.15647539794461218
576,0.14369445079360377,0.6367982513362254,0.551875696624552,0.5434942995719133,0.7557732011256009,0.8705719898575396,0.10216598712607586,0.13798568220997498
577,0.12520473505896657,0.6183085356015882,0.5333859808899148,0.5250045838372761,0.7372834853909637,0.8520822741229024,0.08367627139143864,0.11949596647533776
578,0.10671501932432935,0.599818819866951,0.5148962651552776,0.5065148681026389,0.7187937696563265,0.8335925583882652,0.06518655565680143,0.10100625074070055
579,0.08822530358969213,0.5813291041323138,0.49640654942064044,0.4880251523680017,0.7003040539216893,0.815102842653628,0.04669683992216421,0.08251653500606333
580,0.06973558785505492,0.5628393883976766,0.47791683368600324,0.4695354366333645,0.6818143381870521,0.7966131269189908,0.028207124187526997,0.06402681927142612
581,0.0512458721204177,0.5443496726630394,0.45942711795136604,0.4510457208987273,0.6633246224524149,0.7781234111843536,0.009717408452889785,0.0455371035367889
582,0.032756156385780485,0.5258599569284022,0.44093740221672884,0.4325560051640901,0.6448349067177777,0.7596336954497164,-0.008772307281747427,0.027047387802151688
583,-0.16631139617947066,0.5116430347661546,0.48077614888003495,0.4536759134259003,0.713604080127453,0.8218856093913786,0.9912276927182526,-0.022939192002060634
584,-0.3653789487447218,0.497426112603907,0.5206148955433411,0.4747958216877105,0.7823732535371284,0.8841375233330407,1.0,-0.07292577180627295
585,0.6346210512552781,0.33615242927959876,0.6177145257239441,0.43450645316848374,0.8694487710511944,0.8424449579197496,0.8009324474347489,-0.17092083440818562
586,1.0,0.17487874595529052,0.7148141559045472,0.394217084649257,0.9565242885652605,0.8007523925064585,0.6018648948694977,-0.26891589701009827
587,0.9020049373980873,0.0470678777628766,0.8329487941724175,0.46669678361779543,0.8392213633026585,0.7079686227836061,0.5518783150652854,0.7310841029899018
588,0.8040098747961747,-0.08074299042953731,0.9510834324402878,0.5391764825863339,0.7219184380400565,0.6151848530607537,0.5018917352610731,1.0
589,0.6427361914718664,0.9192570095704626,1.0,0.4552308289269533,0.709953397558001,0.6377127846633887,0.48767481309882554,0.8721891318075861
590,0.4814625081475582,1.0,1.0,0.37128517526757276,0.6979883570759455,0.6602407162660237,0.4734578909365779,0.7443782636151721
591,0.462972792412921,0.9815102842653628,0.9815102842653628,0.35279545953293556,0.6794986413413083,0.6417510005313865,0.4549681752019407,0.7258885478805349
592,0.4444830766782838,0.9630205685307256,0.9630205685307256,0.33430574379829836,0.6610089256066711,0.6232612847967492,0.4364784594673035,0.7073988321458977
593,0.4259933609436466,0.9445308527960884,0.9445308527960884,0.31581602806366116,0.6425192098720339,0.604771569062112,0.4179887437326663,0.6889091164112605
594,0.4075036452090094,0.9260411370614512,0.9260411370614512,0.29732631232902396,0.6240294941373967,0.5862818533274748,0.3994990279980291,0.6704194006766233
595,0.3890139294743722,0.907551421326814,0.907551421326814,0.27883659659438675,0.6055397784027595,0.5677921375928376,0.3810093122633919,0.6519296849419861
596,0.370524213739735,0.8890617055921768,0.8890617055921768,0.26034688085974955,0.5870500626681223,0.5493024218582004,0.3625195965287547,0.6334399692073489
597,0.3520344980050978,0.8705719898575396,0.8705719898575396,0.24185716512511235,0.5685603469334851,0.5308127061235632,0.3440298807941175,0.6149502534727117
598,0.3335447822704606,0.8520822741229024,0.8520822741229024,0.22336744939047515,0.5500706311988479,0.512322990388926,0.3255401650594803,0.5964605377380745
599,0.3150550665358234,0.8335925583882652,0.8335925583882652,0.20487773365583795,0.5315809154642107,0.49383327465428883,0.3070504493248431,0.5779708220034373
600,0.2965653508011862,0.815102842653628,0.815102842653628,0.18638801792120074,0.5130911997295735,0.47534355891965163,0.2885607335902059,0.5594811062688001
601,0.278075635066549,0.7966131269189908,0.7966131269189908,0.16789830218656354,0.4946014839949363,0.45685384318501443,0.2700710178555687,0.5409913905341629
602,0.2595859193319118,0.7781234111843536,0.7781234111843536,0.14940858645192634,0.4761117682602991,0.43836412745037723,0.2515813021209315,0.5225016747995257
603,0.24109620359727457,0.7596336954497164,0.7596336954497164,0.13091887071728914,0.4576220525256619,0.41987441171574,0.2330915863862943,0.5040119590648885
604,0.22260648786263737,0.7411439797150792,0.7411439797150792,0.11242915498265192,0.4391323367910247,0.4013846959811028,0.2146018706516571,0.4855222433302513
605,0.20411677212800017,0.722654263980442,0.722654263980442,0.0939394392480147,0.4206426210563875,0.3828949802464656,0.1961121549170199,0.4670325275956141
606,0.18562705639336297,0.7041645482458048,0.7041645482458048,0.07544972351337749,0.4021529053217503,0.3644052645118284,0.17762243918238269,0.4485428118609769
607,0.16713734065872576,0.6856748325111676,0.6856748325111676,0.056960007778740274,0.3836631895871131,0.3459155487771912,0.15913272344774548,0.4300530961263397
608,0.14864762492408856,0.6671851167765304,0.6671851167765304,0.03847029204410306,0.3651734738524759,0.327425833042554,0.14064300771310828,0.4115633803917025
609,0.13015790918945136,0.6486954010418932,0.6486954010418932,0.019980576309465845,0.3466837581178387,0.3089361173079168,0.12215329197847107,0.3930736646570653
610,0.11166819345481414,0.630205685307256,0.630205685307256,0.0014908605748286327,0.3281940423832015,0.2904464015732796,0.10366357624383385,0.3745839489224281
611,0.09317847772017693,0.6117159695726188,0.6117159695726188,-0.01699885515980858,0.3097043266485643,0.2719566858386424,0.08517386050919663,0.3560942331877909
612,0.05288910920095015,0.5277703159132382,0.5088126434677708,0.9830011448401914,0.37906583213192013,0.10841784069582926,0.10629376877100681,0.42857393215632933
613,0.01259974068172337,0.44382466225385764,0.4059093173629228,1.0,0.448427337615276,-0.055121004446983896,0.127413677032817,0.5010536311248678
614,-0.029092824731567747,0.4663525938564927,0.40493364405518867,0.8364611548571869,0.484042038271684,0.9448789955530161,0.18966559097447916,0.40826986140201543
615,-0.07078539014485886,0.48888052545912775,0.40395797074745454,0.6729223097143737,0.519656738928092,1.0,0.2519175049161413,0.3154860916791631
616,0.9292146098551411,0.3276068421348195,0.5010576009280576,0.6326329411951469,0.6067322564421581,0.9583074345867089,0.052849952350890114,0.21749102907725043
617,1.0,0.16633315881051125,0.5981572311086607,0.5923435726759201,0.6938077739562242,0.9166148691734177,-0.14621760021436103,0.11949596647533776
618,0.8009324474347489,0.15211623664826363,0.6379959777719668,0.6134634809377303,0.7625769473658995,0.9788667831150799,0.853782399785639,0.06950938667112544
619,0.6018648948694977,0.137899314486016,0.6778347244352729,0.6345833891995405,0.8313461207755749,1.0,1.0,0.019522806866913118
620,0.5833751791348605,0.11940959875137878,0.6593450087006357,0.6160936734649033,0.8128564050409377,0.9815102842653628,0.9815102842653628,0.0010330911322759054
621,0.5648854634002233,0.10091988301674157,0.6408552929659985,0.5976039577302661,0.7943666893063005,0.9630205685307256,0.9630205685307256,-0.017456624602361307
622,0.4668904007983106,-0.02689098517567234,0.7589899312338688,0.6700836566988045,0.6770637640436985,0.8702367988078733,0.9130339887265133,0.9825433753976387
623,0.36889533819639797,-0.15470185336808623,0.8771245695017391,0.742563355667343,0.5597608387810965,0.7774530290850209,0.863047408922301,1.0
624,0.20762165487208972,0.8452981466319138,1.0,0.6586177020079624,0.547795798299041,0.7999809606876559,0.8488304867600535,0.8721891318075861
625,0.04634797154778146,1.0,1.0,0.5746720483485819,0.5358307578169855,0.8225088922902909,0.8346135645978059,0.7443782636151721
626,0.02785825581314425,0.9815102842653628,0.9815102842653628,0.5561823326139447,0.5173410420823483,0.8040191765556537,0.8161238488631687,0.7258885478805349
627,0.009368540078507036,0.9630205685307256,0.9630205685307256,0.5376926168793075,0.4988513263477111,0.7855294608210165,0.7976341331285315,0.7073988321458977
628,-0.009121175656130177,0.9445308527960884,0.9445308527960884,0.5192029011446703,0.4803616106130739,0.7670397450863793,0.7791444173938943,0.6889091164112605
629,0.9908788243438699,0.7832571694717801,1.0,0.4789135326254435,0.56743712812714,0.7253471796730881,0.5800768648286431,0.5909140538093479
630,1.0,0.6219834861474719,1.0,0.43862416410621674,0.654512645641206,0.683654614259797,0.3810093122633919,0.4929189912074353
631,0.9815102842653628,0.6034937704128347,0.9815102842653628,0.42013444837157954,0.6360229299065688,0.6651648985251598,0.3625195965287547,0.4744292754727981
632,0.9630205685307256,0.5850040546781975,0.9630205685307256,0.40164473263694234,0.6175332141719316,0.6466751827905226,0.3440298807941175,0.4559395597381609
633,0.9445308527960884,0.5665143389435603,0.9445308527960884,0.38315501690230513,0.5990434984372944,0.6281854670558854,0.3255401650594803,0.4374498440035237
634,0.9260411370614512,0.5480246232089231,0.9260411370614512,0.36466530116766793,0.5805537827026572,0.6096957513212482,0.3070504493248431,0.4189601282688865
635,0.907551421326814,0.5295349074742859,0.907551421326814,0.34617558543303073,0.56206406696802,0.591206035586611,0.2885607335902059,0.4004704125342493
636,0.8890617055921768,0.5110451917396487,0.8890617055921768,0.32768586969839353,0.5435743512333828,0.5727163198519738,0.2700710178555687,0.3819806967996121
637,0.8705719898575396,0.4925554760050115,0.8705719898575396,0.3091961539637563,0.5250846354987456,0.5542266041173366,0.2515813021209315,0.3634909810649749
638,0.8520822741229024,0.4740657602703743,0.8520822741229024,0.2907064382291191,0.5065949197641084,0.5357368883826994,0.2330915863862943,0.3450012653303377
639,0.8335925583882652,0.4555760445357371,0.8335925583882652,0.2722167224944819,0.4881052040294712,0.5172471726480622,0.2146018706516571,0.3265115495957005
640,0.815102842653628,0.4370863288010999,0.815102842653628,0.2537270067598447,0.469615488294834,0.498757456913425,0.1961121549170199,0.3080218338610633
641,0.7966131269189908,0.4185966130664627,0.7966131269189908,0.23523729102520752,0.4511257725601968,0.4802677411787878,0.17762243918238269,0.2895321181264261
642,0.7781234111843536,0.4001068973318255,0.7781234111843536,0.21674757529057032,0.4326360568255596,0.4617780254441506,0.15913272344774548,0.2710424023917889
643,0.7596336954497164,0.38161718159718827,0.7596336954497164,0.1982578595559331,0.4141463410909224,0.4432883097095134,0.14064300771310828,0.2525526866571517
644,0.7411439797150792,0.36312746586255107,0.7411439797150792,0.1797681438212959,0.3956566253562852,0.4247985939748762,0.12215329197847107,0.2340629709225145
645,0.722654263980442,0.34463775012791387,0.722654263980442,0.1612784280866587,0.377166909621648,0.406308878240239,0.10366357624383385,0.2155732551878773
646,0.7041645482458048,0.32614803439327666,0.7041645482458048,0.1427887123520215,0.3586771938870108,0.3878191625056018,0.08517386050919663,0.1970835394532401
647,0.6856748325111676,0.30765831865863946,0.6856748325111676,0.12429899661738429,0.3401874781523736,0.3693294467709646,0.06668414477455942,0.17859382371860288
648,0.6671851167765304,0.28916860292400226,0.6671851167765304,0.10580928088274708,0.3216977624177364,0.3508397310363274,0.0481944290399222,0.16010410798396568
649,0.6486954010418932,0.27067888718936506,0.6486954010418932,0.08731956514810986,0.3032080466830992,0.33235001530169017,0.02970471330528499,0.14161439224932848
650,0.630205685307256,0.25218917145472786,0.630205685307256,0.06882984941347264,0.284718330948462,0.31386029956705297,0.011214997570647776,0.12312467651469126
651,0.6117159695726188,0.23369945572009065,0.6117159695726188,0.05034013367883543,0.2662286152138248,0.29537058383241577,-0.007274718163989436,0.10463496078005405
652,0.4126484170073676,0.21948253355784303,0.6515547162359249,0.0714600419406456,0.33499778862350016,0.3576224977740779,0.9927252818360106,0.05464838097584172
653,0.21358086444211644,0.2052656113955954,0.691393462899231,0.09257995020245578,0.4037669620331755,0.41987441171574,1.0,0.004661801171629402
654,0.19509114870747923,0.1867758956609582,0.6729037471645938,0.07409023446781857,0.3852772462985383,0.4013846959811028,0.9815102842653628,-0.01382791456300781
655,0.09709608610556657,0.05896502746854429,0.7910383854324641,0.146569933436357,0.2679743210359363,0.3086009262582505,0.9315237044611505,0.9861720854369922
656,-0.0008989764963460954,-0.06884584072386962,0.9091730237003344,0.21904963240489542,0.1506713957733343,0.21581715653539812,0.8815371246569382,1.0
657,-0.16217265982065435,0.9311541592761303,1.0,0.13510397874551489,0.13870635529127878,0.23834508813803318,0.8673202024946907,0.8721891318075861
658,-0.32344634314496257,1.0,1.0,0.05115832508613434,0.1267413148092233,0.26087301974066823,0.8531032803324431,0.7443782636151721
659,0.6765536568550374,0.8387263166756918,1.0,0.010868956566907562,0.2138168323232893,0.21918045432737712,0.6540357277671919,0.6463832010132594
660,1.0,0.6774526333513835,1.0,-0.029420411952319217,0.3008923498373553,0.177487888914086,0.4549681752019407,0.5483881384113468
661,0.9597106314807732,0.593506979692003,0.897096673895152,0.9705795880476807,0.37025385532071114,0.013949043771272863,0.4760880834637509,0.6208678373798853
662,0.9194212629615464,0.5095613260326224,0.794193347790304,1.0,0.439615360804067,-0.14958980137154027,0.49720799172556107,0.6933475363484237
663,0.8777286975482552,0.5320892576352575,0.7932176744825699,0.8364611548571869,0.47523006146047503,0.8504101986284598,0.5594599056672233,0.6005637666255713
664,0.8360361321349641,0.5546171892378925,0.7922420011748357,0.6729223097143737,0.5108447621168831,1.0,0.6217118196088854,0.5077799969027189
665,0.8175464164003269,0.5361274735032553,0.7737522854401985,0.6544325939797365,0.4923550463822459,0.9815102842653628,0.6032221038742482,0.4892902811680817
666,0.7990567006656897,0.5176377577686181,0.7552625697055613,0.6359428782450993,0.4738653306476087,0.9630205685307256,0.584732388139611,0.4708005654334445
667,0.7805669849310525,0.4991480420339809,0.7367728539709241,0.6174531625104621,0.4553756149129715,0.9445308527960884,0.5662426724049738,0.4523108496988073
668,0.7620772691964153,0.4806583262993437,0.7182831382362869,0.5989634467758249,0.4368858991783343,0.9260411370614512,0.5477529566703366,0.4338211339641701
669,0.7435875534617781,0.4621686105647065,0.6997934225016497,0.5804737310411877,0.4183961834436971,0.907551421326814,0.5292632409356994,0.4153314182295329
670,0.7250978377271409,0.4436788948300693,0.6813037067670125,0.5619840153065505,0.3999064677090599,0.8890617055921768,0.5107735252010622,0.3968417024948957
671,0.7066081219925037,0.4251891790954321,0.6628139910323753,0.5434942995719133,0.3814167519744227,0.8705719898575396,0.492283809466425,0.3783519867602585
672,0.6881184062578665,0.4066994633607949,0.6443242752977381,0.5250045838372761,0.3629270362397855,0.8520822741229024,0.4737940937317878,0.3598622710256213
673,0.6696286905232293,0.3882097476261577,0.6258345595631009,0.5065148681026389,0.3444373205051483,0.8335925583882652,0.4553043779971506,0.3413725552909841
674,0.6511389747885921,0.3697200318915205,0.6073448438284637,0.4880251523680017,0.3259476047705111,0.815102842653628,0.4368146622625134,0.3228828395563469
675,0.6326492590539549,0.35123031615688327,0.5888551280938265,0.4695354366333645,0.3074578890358739,0.7966131269189908,0.4183249465278762,0.3043931238217097
676,0.6141595433193177,0.33274060042224607,0.5703654123591892,0.4510457208987273,0.2889681733012367,0.7781234111843536,0.399835230793239,0.2859034080870725
677,0.5956698275846805,0.31425088468760887,0.551875696624552,0.4325560051640901,0.2704784575665995,0.7596336954497164,0.3813455150586018,0.2674136923524353
678,0.5771801118500433,0.29576116895297166,0.5333859808899148,0.4140662894294529,0.2519887418319623,0.7411439797150792,0.3628557993239646,0.24892397661779808
679,0.558690396115406,0.27727145321833446,0.5148962651552776,0.3955765736948157,0.2334990260973251,0.722654263980442,0.3443660835893274,0.23043426088316088
680,0.5402006803807688,0.25878173748369726,0.49640654942064044,0.3770868579601785,0.2150093103626879,0.7041645482458048,0.3258763678546902,0.21194454514852368
681,0.5217109646461316,0.24029202174906006,0.47791683368600324,0.3585971422255413,0.1965195946280507,0.6856748325111676,0.307386652120053,0.19345482941388648
682,0.5032212489114944,0.22180230601442286,0.45942711795136604,0.3401074264909041,0.17802987889341348,0.6671851167765304,0.2888969363854158,0.17496511367924927
683,0.48473153317685724,0.20331259027978565,0.44093740221672884,0.3216177107562669,0.15954016315877628,0.6486954010418932,0.2704072206507786,0.15647539794461207
684,0.46624181744222004,0.18482287454514845,0.42244768648209163,0.3031279950216297,0.14105044742413908,0.630205685307256,0.2519175049161414,0.13798568220997487
685,0.44775210170758284,0.16633315881051125,0.40395797074745443,0.2846382792869925,0.12256073168950186,0.6117159695726188,0.2334277891815042,0.11949596647533765
686,0.42926238597294564,0.14784344307587405,0.38546825501281723,0.2661485635523553,0.10407101595486465,0.5932262538379816,0.214938073446867,0.10100625074070044
687,0.41077267023830843,0.12935372734123685,0.36697853927818,0.24765884781771808,0.08558130022022743,0.5747365381033444,0.1964483577122298,0.08251653500606322
688,0.39228295450367123,0.11086401160659963,0.3484888235435428,0.22916913208308087,0.06709158448559022,0.5562468223687072,0.1779586419775926,0.064026819271426
689,0.37379323876903403,0.09237429587196241,0.3299991078089056,0.21067941634844367,0.048601868750953,0.53775710663407,0.1594689262429554,0.04553710353678879
690,0.35530352303439683,0.0738845801373252,0.3115093920742684,0.19218970061380647,0.030112153016315788,0.5192673908994327,0.1409792105083182,0.027047387802151577
691,0.3368138072997596,0.05539486440268798,0.2930196763396312,0.17369998487916927,0.011622437281678576,0.5007776751647955,0.12248949477368097,0.008557672067514364
692,0.3183240915651224,0.036905148668050766,0.274529960604994,0.15521026914453206,-0.006867278452958637,0.48228795943015834,0.10399977903904375,-0.009932043667122848
693,0.4053996090791884,0.024940108185995253,0.3500537916717375,0.2245717746278879,0.9931327215470414,0.5179026600865664,0.17276895244871915,-0.12723496892972488
694,0.49247512659325443,0.012975067703939736,0.425577622738481,0.29393328011124376,1.0,0.5535173607429744,0.24153812585839451,-0.2445378941923269
695,0.3944800639913418,-0.11483580048847418,0.5437122610063513,0.3664129790797822,0.882697074737398,0.46073359102012207,0.1915515460541822,0.7554621058076731
696,0.2964850013894291,-0.24264666868088808,0.6618468992742216,0.43889267804832066,0.765394149474796,0.3679498212972697,0.1415649662499699,1.0
697,0.13521131806512088,0.7573533313191119,0.8217818235115909,0.3549470243889401,0.7534291089927405,0.3904777528999048,0.12734804408772227,0.8721891318075861
698,-0.02606236525918738,1.0,0.9817167477489602,0.27100137072955954,0.741464068510685,0.4130056845025398,0.11313112192547463,0.7443782636151721
699,0.9739376347408126,0.8387263166756918,1.0,0.23071200221033278,0.8285395860247511,0.37131311908924874,-0.08593643063977655,0.6463832010132594
700,1.0,0.6774526333513835,1.0,0.190422633691106,0.9156151035388171,0.32962055367595766,-0.28500398320502773,0.5483881384113468
701,0.8009324474347489,0.6632357111891359,1.0,0.2115425419529162,0.9843842769484926,0.3918724676176198,0.7149960167949723,0.49840155860713453
702,0.6018648948694977,0.6490187890268884,1.0,0.23266245021472637,1.0,0.4541243815592819,1.0,0.44841497880292225
703,0.5833751791348605,0.6305290732922512,0.9815102842653628,0.21417273448008917,0.9815102842653628,0.4356346658246447,0.9815102842653628,0.42992526306828505
704,0.5648854634002233,0.612039357557614,0.9630205685307256,0.19568301874545196,0.9630205685307256,0.4171449500900075,0.9630205685307256,0.41143554733364784
705,0.5463957476655861,0.5935496418229768,0.9445308527960884,0.17719330301081476,0.9445308527960884,0.3986552343553703,0.9445308527960884,0.39294583159901064
706,0.5279060319309489,0.5750599260883396,0.9260411370614512,0.15870358727617756,0.9260411370614512,0.3801655186207331,0.9260411370614512,0.37445611586437344
707,0.5094163161963117,0.5565702103537024,0.907551421326814,0.14021387154154036,0.907551421326814,0.3616758028860959,0.907551421326814,0.35596640012973624
708,0.49092660046167447,0.5380804946190652,0.8890617055921768,0.12172415580690314,0.8890617055921768,0.3431860871514587,0.8890617055921768,0.33747668439509904
709,0.47243688472703727,0.519590778884428,0.8705719898575396,0.10323444007226593,0.8705719898575396,0.3246963714168215,0.8705719898575396,0.31898696866046183
710,0.45394716899240006,0.5011010631497907,0.8520822741229024,0.08474472433762871,0.8520822741229024,0.3062066556821843,0.8520822741229024,0.30049725292582463
711,0.43545745325776286,0.48261134741515355,0.8335925583882652,0.0662550086029915,0.8335925583882652,0.2877169399475471,0.8335925583882652,0.28200753719118743
712,0.41696773752312566,0.46412163168051634,0.815102842653628,0.04776529286835428,0.815102842653628,0.2692272242129099,0.815102842653628,0.2635178214565502
713,0.39847802178848846,0.44563191594587914,0.7966131269189908,0.029275577133717066,0.7966131269189908,0.2507375084782727,0.7966131269189908,0.24502810572191303
714,0.37998830605385125,0.42714220021124194,0.7781234111843536,0.010785861399079853,0.7781234111843536,0.2322477927436355,0.7781234111843536,0.22653838998727582
715,0.36149859031921405,0.40865248447660474,0.7596336954497164,-0.007703854335557359,0.7596336954497164,0.2137580770089983,0.7596336954497164,0.20804867425263862
716,0.3212092217999873,0.3247068308172242,0.6567303693448684,0.9922961456644427,0.8289952009330722,0.05021923186618514,0.7807536037115266,0.2805283732211771
717,0.2809198532807605,0.24076117715784362,0.5538270432400204,1.0,0.8983567064164281,-0.11331961327662801,0.8018735119733368,0.3530080721897155
718,0.23922728786746944,0.2632891087604787,0.5528513699322862,0.8364611548571869,0.9339714070728361,0.886680386723372,0.864125425914999,0.2602243024668632
719,0.19753472245417833,0.28581704036311373,0.551875696624552,0.6729223097143737,0.9695861077292441,1.0,0.9263773398566612,0.16744053274401083
720,0.17904500671954113,0.2673273246284765,0.5333859808899148,0.6544325939797365,0.9510963919946069,0.9815102842653628,0.907887624122024,0.14895081700937363
721,0.16055529098490393,0.24883760889383932,0.5148962651552776,0.6359428782450993,0.9326066762599697,0.9630205685307256,0.8893979083873867,0.13046110127473642
722,0.14206557525026672,0.23034789315920212,0.49640654942064044,0.6174531625104621,0.9141169605253325,0.9445308527960884,0.8709081926527495,0.11197138554009921
723,0.12357585951562951,0.21185817742456492,0.47791683368600324,0.5989634467758249,0.8956272447906953,0.9260411370614512,0.8524184769181123,0.09348166980546199
724,0.10508614378099229,0.19336846168992772,0.45942711795136604,0.5804737310411877,0.8771375290560581,0.907551421326814,0.8339287611834751,0.07499195407082478
725,0.08659642804635508,0.17487874595529052,0.44093740221672884,0.5619840153065505,0.8586478133214209,0.8890617055921768,0.8154390454488379,0.05650223833618756
726,0.06810671231171786,0.1563890302206533,0.42244768648209163,0.5434942995719133,0.8401580975867837,0.8705719898575396,0.7969493297142007,0.038012522601550344
727,0.049616996577080644,0.1378993144860161,0.40395797074745443,0.5250045838372761,0.8216683818521465,0.8520822741229024,0.7784596139795635,0.019522806866913132
728,0.03112728084244343,0.1194095987513789,0.38546825501281723,0.5065148681026389,0.8031786661175093,0.8335925583882652,0.7599698982449263,0.0010330911322759193
729,0.012637565107806219,0.10091988301674168,0.36697853927818,0.4880251523680017,0.7846889503828721,0.815102842653628,0.7414801825102891,-0.017456624602361293
730,-0.08535749749410644,-0.02689098517567223,0.4851131775460503,0.5605048513365402,0.6673860251202701,0.7223190729307757,0.6914936027060768,0.9825433753976387
731,-0.18335256009601908,-0.15470185336808612,0.6032478158139206,0.6329845503050786,0.5500830998576681,0.6295353032079233,0.6415070229018646,1.0
732,-0.3446262434203273,0.8452981466319138,0.7631827400512899,0.549038896645698,0.5381180593756126,0.6520632348105583,0.627290100739617,0.8721891318075861
733,-0.5058999267446356,1.0,0.9231176642886593,0.4650932429863175,0.5261530188935571,0.6745911664131933,0.6130731785773694,0.7443782636151721
734,0.4941000732553644,0.8387263166756918,1.0,0.4248038744670907,0.6132285364076232,0.6328986009999021,0.41400562601211827,0.6463832010132594
735,1.0,0.6774526333513835,1.0,0.38451450594786396,0.7003040539216893,0.591206035586611,0.2149380734468671,0.5483881384113468
736,0.9815102842653628,0.6589629176167463,0.9815102842653628,0.36602479021322676,0.6818143381870521,0.5727163198519738,0.1964483577122299,0.5298984226767096
737,0.9630205685307256,0.6404732018821091,0.9630205685307256,0.34753507447858956,0.6633246224524149,0.5542266041173366,0.1779586419775927,0.5114087069420724
738,0.9445308527960884,0.6219834861474719,0.9445308527960884,0.32904535874395235,0.6448349067177777,0.5357368883826994,0.1594689262429555,0.4929189912074352
739,0.9260411370614512,0.6034937704128347,0.9260411370614512,0.31055564300931515,0.6263451909831405,0.5172471726480622,0.1409792105083183,0.474429275472798
740,0.907551421326814,0.5850040546781975,0.907551421326814,0.29206592727467795,0.6078554752485033,0.498757456913425,0.12248949477368108,0.4559395597381608
741,0.8890617055921768,0.5665143389435603,0.8890617055921768,0.27357621154004075,0.589365759513866,0.4802677411787878,0.10399977903904387,0.4374498440035236
742,0.8705719898575396,0.5480246232089231,0.8705719898575396,0.25508649580540355,0.5708760437792288,0.4617780254441506,0.08551006330440665,0.4189601282688864
743,0.8520822741229024,0.5295349074742859,0.8520822741229024,0.23659678007076634,0.5523863280445916,0.4432883097095134,0.06702034756976943,0.4004704125342492
744,0.8335925583882652,0.5110451917396487,0.8335925583882652,0.21810706433612914,0.5338966123099544,0.4247985939748762,0.04853063183513222,0.381980696799612
745,0.815102842653628,0.4925554760050115,0.815102842653628,0.19961734860149194,0.5154068965753172,0.406308878240239,0.030040916100495006,0.3634909810649748
746,0.7966131269189908,0.4740657602703743,0.7966131269189908,0.18112763286685474,0.49691718084068004,0.3878191625056018,0.011551200365857793,0.3450012653303376
747,0.7781234111843536,0.4555760445357371,0.7781234111843536,0.16263791713221754,0.47842746510604284,0.3693294467709646,-0.0069385153687794195,0.3265115495957004
748,0.5790558586191025,0.44135912237348945,0.8179621578476597,0.1837578253940277,0.5471966385157182,0.4315813607126267,0.9930614846312206,0.2765249697914881
749,0.3799883060538513,0.42714220021124183,0.8578009045109658,0.2048777336558379,0.6159658119253936,0.49383327465428883,1.0,0.2265383899872758
750,0.3614985903192141,0.4086524844766046,0.8393111887763286,0.1863880179212007,0.5974760961907564,0.47534355891965163,0.9815102842653628,0.2080486742526386
751,0.3430088745845769,0.3901627687419674,0.8208214730416914,0.1678983021865635,0.5789863804561192,0.45685384318501443,0.9630205685307256,0.1895589585180014
752,0.3245191588499397,0.3716730530073302,0.8023317573070542,0.14940858645192628,0.560496664721482,0.43836412745037723,0.9445308527960884,0.1710692427833642
753,0.3060294431153025,0.353183337272693,0.783842041572417,0.13091887071728908,0.5420069489868448,0.41987441171574,0.9260411370614512,0.152579527048727
754,0.2875397273806653,0.3346936215380558,0.7653523258377798,0.11242915498265187,0.5235172332522076,0.4013846959811028,0.907551421326814,0.13408981131408979
755,0.2690500116460281,0.3162039058034186,0.7468626101031426,0.09393943924801465,0.5050275175175704,0.3828949802464656,0.8890617055921768,0.11560009557945257
756,0.2505602959113909,0.2977141900687814,0.7283728943685054,0.07544972351337743,0.48653780178293315,0.3644052645118284,0.8705719898575396,0.09711037984481535
757,0.2320705801767537,0.2792244743341442,0.7098831786338682,0.05696000777874022,0.46804808604829595,0.3459155487771912,0.8520822741229024,0.07862066411017814
758,0.2135808644421165,0.260734758599507,0.691393462899231,0.038470292044103,0.44955837031365875,0.327425833042554,0.8335925583882652,0.06013094837554092
759,0.1950911487074793,0.2422450428648698,0.6729037471645938,0.01998057630946579,0.43106865457902155,0.3089361173079168,0.815102842653628,0.041641232640903705
760,0.1766014329728421,0.2237553271302326,0.6544140314299566,0.0014908605748285772,0.41257893884438435,0.2904464015732796,0.7966131269189908,0.023151516906266493
761,0.15811171723820489,0.2052656113955954,0.6359243156953194,-0.016998855159808635,0.39408922310974714,0.2719566858386424,0.7781234111843536,0.00466180117162928
762,0.1178223487189781,0.12131995773621486,0.5330209895904714,0.9830011448401914,0.463450728593103,0.10841784069582926,0.7992433194461638,0.0771415001401677
763,0.07753298019975133,0.037374304076834314,0.4301176634856234,1.0,0.5328122340764588,-0.055121004446983896,0.820363227707974,0.14962119910870614
764,0.035840414786460204,0.059902235679469354,0.4291419901778893,0.8364611548571869,0.5684269347328669,0.9448789955530161,0.8826151416496362,0.056837429385853774
765,-0.005852150626830914,0.0824301672821044,0.42816631687015516,0.6729223097143737,0.6040416353892749,1.0,0.9448670555912984,-0.03594634033699859
766,0.9941478493731691,-0.07884351604220387,0.5252659470507582,0.6326329411951469,0.691117152903341,0.9583074345867089,0.7457995030260473,-0.13394140293891124
767,1.0,-0.2401171993665121,0.6223655772313613,0.5923435726759201,0.778192670417407,0.9166148691734177,0.546731950460796,-0.2319364655408239
768,0.9020049373980873,-0.367928067558926,0.7405002154992316,0.6648232716444585,0.660889745154805,0.8238310994505654,0.49674537065658375,0.7680635344591761
769,0.8040098747961747,-0.49573893575133987,0.8586348537671019,0.737302970612997,0.543586819892203,0.731047329727713,0.44675879085237147,1.0
770,0.6427361914718664,0.5042610642486601,1.0,0.6533573169536164,0.5316217794101475,0.753575261330348,0.43254186869012384,0.8721891318075861
771,0.4814625081475582,1.0,1.0,0.5694116632942359,0.519656738928092,0.776103192932983,0.4183249465278762,0.7443782636151721
772,0.462972792412921,0.9815102842653628,0.9815102842653628,0.5509219475595987,0.5011670231934549,0.7576134771983458,0.399835230793239,0.7258885478805349
773,0.4444830766782838,0.9630205685307256,0.9630205685307256,0.5324322318249615,0.48267730745881765,0.7391237614637086,0.3813455150586018,0.7073988321458977
774,0.4259933609436466,0.9445308527960884,0.9445308527960884,0.5139425160903243,0.46418759172418045,0.7206340457290714,0.3628557993239646,0.6889091164112605
775,0.4075036452090094,0.9260411370614512,0.9260411370614512,0.49545280035568706,0.44569787598954325,0.7021443299944342,0.3443660835893274,0.6704194006766233
776,0.3890139294743722,0.907551421326814,0.907551421326814,0.47696308462104986,0.42720816025490604,0.683654614259797,0.3258763678546902,0.6519296849419861
777,0.370524213739735,0.8890617055921768,0.8890617055921768,0.45847336888641266,0.40871844452026884,0.6651648985251598,0.307386652120053,0.6334399692073489
778,0.3520344980050978,0.8705719898575396,0.8705719898575396,0.43998365315177546,0.39022872878563164,0.6466751827905226,0.2888969363854158,0.6149502534727117
779,0.3335447822704606,0.8520822741229024,0.8520822741229024,0.42149393741713825,0.37173901305099444,0.6281854670558854,0.2704072206507786,0.5964605377380745
780,0.3150550665358234,0.8335925583882652,0.8335925583882652,0.40300422168250105,0.35324929731635724,0.6096957513212482,0.2519175049161414,0.5779708220034373
781,0.2965653508011862,0.815102842653628,0.815102842653628,0.38451450594786385,0.33475958158172003,0.591206035586611,0.2334277891815042,0.5594811062688001
782,0.278075635066549,0.7966131269189908,0.7966131269189908,0.36602479021322665,0.31626986584708283,0.5727163198519738,0.214938073446867,0.5409913905341629
783,0.2595859193319118,0.7781234111843536,0.7781234111843536,0.34753507447858945,0.29778015011244563,0.5542266041173366,0.1964483577122298,0.5225016747995257
784,0.24109620359727457,0.7596336954497164,0.7596336954497164,0.32904535874395224,0.2792904343778084,0.5357368883826994,0.1779586419775926,0.5040119590648885
785,0.22260648786263737,0.7411439797150792,0.7411439797150792,0.31055564300931504,0.2608007186431712,0.5172471726480622,0.1594689262429554,0.4855222433302513
786,0.20411677212800017,0.722654263980442,0.722654263980442,0.29206592727467784,0.24231100290853402,0.498757456913425,0.1409792105083182,0.4670325275956141
787,0.18562705639336297,0.7041645482458048,0.7041645482458048,0.27357621154004064,0.22382128717389682,0.4802677411787878,0.12248949477368097,0.4485428118609769
788,0.16713734065872576,0.6856748325111676,0.6856748325111676,0.25508649580540343,0.20533157143925962,0.4617780254441506,0.10399977903904375,0.4300530961263397
789,0.14864762492408856,0.6671851167765304,0.6671851167765304,0.23659678007076623,0.18684185570462242,0.4432883097095134,0.08551006330440654,0.4115633803917025
790,0.13015790918945136,0.6486954010418932,0.6486954010418932,0.21810706433612903,0.16835213996998522,0.4247985939748762,0.06702034756976932,0.3930736646570653
791,0.11166819345481414,0.630205685307256,0.630205685307256,0.19961734860149183,0.149862424235348,0.406308878240239,0.04853063183513211,0.3745839489224281
792,0.09317847772017693,0.6117159695726188,0.6117159695726188,0.18112763286685463,0.1313727085007108,0.3878191625056018,0.030040916100494894,0.3560942331877909
793,0.07468876198553971,0.5932262538379816,0.5932262538379816,0.16263791713221742,0.1128829927660736,0.3693294467709646,0.011551200365857682,0.3376045174531537
794,0.056199046250902496,0.5747365381033444,0.5747365381033444,0.14414820139758022,0.09439327703143638,0.3508397310363274,-0.0069385153687795305,0.31911480171851647
795,-0.14286850631434866,0.5605196159410968,0.6145752847666505,0.1652681096593904,0.16316245044111177,0.4130916449779895,0.9930614846312205,0.2691282219143042
796,-0.3419360588795998,0.5463026937788492,0.6544140314299566,0.18638801792120058,0.23193162385078714,0.47534355891965163,1.0,0.21914164211009188
797,0.6580639411204001,0.38502901045454097,0.7515136616105597,0.1460986494019738,0.31900714136485314,0.43365099350636055,0.8009324474347489,0.12114657950817921
798,1.0,0.22375532713023272,0.8486132917911627,0.10580928088274703,0.40608265887891914,0.39195842809306947,0.6018648948694977,0.02315151690626655
799,0.9815102842653628,0.20526561139559552,0.8301235760565255,0.08731956514810982,0.38759294314428194,0.37346871235843226,0.5833751791348605,0.004661801171629336
800,0.9630205685307256,0.1867758956609583,0.8116338603218883,0.0688298494134726,0.36910322740964474,0.35497899662379506,0.5648854634002233,-0.013827914563007877
801,0.8650255059288129,0.0589650274685444,0.9297684985897586,0.14130954838201104,0.25180030214704274,0.2621952269009427,0.514898883596011,0.9861720854369921
802,0.7670304433269003,-0.06884584072386951,1.0,0.21378924735054947,0.13449737688444072,0.16941145717809036,0.4649123037917987,1.0
803,0.605756760002592,0.9311541592761305,1.0,0.12984359369116893,0.12253233640238519,0.19193938878072542,0.4506953816295511,0.8721891318075861
804,0.4444830766782838,1.0,1.0,0.04589794003178839,0.11056729592032967,0.21446732038336047,0.43647845946730346,0.7443782636151721
805,0.4259933609436466,0.9815102842653628,0.9815102842653628,0.027408224297151177,0.09207758018569245,0.19597760464872327,0.41798874373266626,0.7258885478805349
806,0.4075036452090094,0.9630205685307256,0.9630205685307256,0.008918508562513965,0.07358786445105524,0.17748788891408607,0.39949902799802905,0.7073988321458977
807,0.3890139294743722,0.9445308527960884,0.9445308527960884,-0.009571207172123248,0.05509814871641802,0.15899817317944887,0.38100931226339185,0.6889091164112605
808,0.3487245609551454,0.8605851991367078,0.8416275266912404,0.9904287928278768,0.12445965419977388,-0.004540671963364284,0.40212922052520206,0.761388815379799
809,0.30843519243591866,0.7766395454773273,0.7387242005863924,1.0,0.19382115968312974,-0.1680795171061774,0.42324912878701226,0.8338685143483374
810,0.2667426270226276,0.7991674770799623,0.7377485272786583,0.8364611548571869,0.22943586033953778,0.8319204828938226,0.48550104272867445,0.741084744625485
811,0.22505006160933647,0.8216954086825973,0.7367728539709241,0.6729223097143737,0.2650505609959458,1.0,0.5477529566703366,0.6483009749026326
812,0.20656034587469926,0.8032056929479601,0.7182831382362869,0.6544325939797365,0.24656084526130861,0.9815102842653628,0.5292632409356994,0.6298112591679954
813,0.18807063014006206,0.7847159772133229,0.6997934225016497,0.6359428782450993,0.2280711295266714,0.9630205685307256,0.5107735252010622,0.6113215434333582
814,0.16958091440542486,0.7662262614786857,0.6813037067670125,0.6174531625104621,0.2095814137920342,0.9445308527960884,0.492283809466425,0.592831827698721
815,0.15109119867078766,0.7477365457440485,0.6628139910323753,0.5989634467758249,0.191091698057397,0.9260411370614512,0.4737940937317878,0.5743421119640838
816,0.13260148293615046,0.7292468300094113,0.6443242752977381,0.5804737310411877,0.1726019823227598,0.907551421326814,0.4553043779971506,0.5558523962294466
817,0.11411176720151324,0.7107571142747741,0.6258345595631009,0.5619840153065505,0.1541122665881226,0.8890617055921768,0.4368146622625134,0.5373626804948094
818,0.09562205146687602,0.6922673985401369,0.6073448438284637,0.5434942995719133,0.1356225508534854,0.8705719898575396,0.4183249465278762,0.5188729647601722
819,0.07713233573223881,0.6737776828054997,0.5888551280938265,0.5250045838372761,0.11713283511884819,0.8520822741229024,0.399835230793239,0.500383249025535
820,0.05864261999760159,0.6552879670708625,0.5703654123591892,0.5065148681026389,0.09864311938421097,0.8335925583882652,0.3813455150586018,0.4818935332908978
821,0.040152904262964376,0.6367982513362253,0.551875696624552,0.4880251523680017,0.08015340364957375,0.815102842653628,0.3628557993239646,0.4634038175562606
822,0.021663188528327163,0.618308535601588,0.5333859808899148,0.4695354366333645,0.06166368791493654,0.7966131269189908,0.3443660835893274,0.4449141018216234
823,0.0031734727936899507,0.5998188198669508,0.5148962651552776,0.4510457208987273,0.04317397218029932,0.7781234111843536,0.3258763678546902,0.4264243860869862
824,-0.015316242940947262,0.5813291041323136,0.49640654942064044,0.4325560051640901,0.02468425644566211,0.7596336954497164,0.307386652120053,0.407934670352349
825,0.9846837570590528,0.4200554208080054,0.5935061796012435,0.39226663664486333,0.11175977395972812,0.7179411300364252,0.10831909955480183,0.30993960775043633
826,1.0,0.25878173748369715,0.6906058097818466,0.35197726812563657,0.19883529147379414,0.6762485646231341,-0.09074845301044934,0.21194454514852368
827,0.8009324474347489,0.24456481532144952,0.7304445564451527,0.37309717638744677,0.26760446488346956,0.7385004785647963,0.9092515469895507,0.16195796534431137
828,0.6018648948694977,0.2303478931592019,0.7702833031084588,0.394217084649257,0.3363736382931449,0.8007523925064585,1.0,0.11197138554009904
829,0.5833751791348605,0.2118581774245647,0.7517935873738216,0.3757273689146198,0.3178839225585077,0.7822626767718213,0.9815102842653628,0.09348166980546183
830,0.5648854634002233,0.1933684616899275,0.7333038716391844,0.3572376531799826,0.2993942068238705,0.7637729610371841,0.9630205685307256,0.07499195407082461
831,0.5463957476655861,0.1748787459552903,0.7148141559045472,0.33874793744534537,0.2809044910892333,0.7452832453025469,0.9445308527960884,0.056502238336187394
832,0.5279060319309489,0.1563890302206531,0.69632444016991,0.32025822171070817,0.2624147753545961,0.7267935295679097,0.9260411370614512,0.03801252260155018
833,0.5094163161963117,0.1378993144860159,0.6778347244352728,0.30176850597607097,0.24392505961995892,0.7083038138332725,0.907551421326814,0.019522806866912965
834,0.49092660046167447,0.11940959875137867,0.6593450087006356,0.28327879024143376,0.22543534388532172,0.6898140980986353,0.8890617055921768,0.0010330911322757527
835,0.47243688472703727,0.10091988301674146,0.6408552929659984,0.26478907450679656,0.2069456281506845,0.671324382363998,0.8705719898575396,-0.01745662460236146
836,0.3744418221251246,-0.02689098517567245,0.7589899312338687,0.337268773475335,0.08964270288808247,0.5785406126411458,0.8205854100533273,0.9825433753976386
837,0.27644675952321196,-0.15470185336808634,0.877124569501739,0.40974847244387347,-0.027660222374519563,0.48575684291829335,0.770598830249115,1.0
838,0.36352227703727796,-0.16666689385014183,0.9526484005684824,0.4791099779272293,0.9723397776254804,0.5213715435747014,0.8393680036587904,0.882697074737398
839,0.45059779455134397,-0.17863193433219732,1.0,0.5484714834105852,1.0,0.5569862442311094,0.9081371770684658,0.765394149474796
840,0.2893241112270357,0.8213680656678026,1.0,0.4645258297512046,0.9880349595179444,0.5795141758337444,0.8939202549062182,0.6375832812823821
841,0.12805042790272747,1.0,1.0,0.38058017609182404,0.9760699190358889,0.6020421074363794,0.8797033327439706,0.5097724130899681
842,0.10956071216809025,0.9815102842653628,0.9815102842653628,0.36209046035718684,0.9575802033012517,0.5835523917017422,0.8612136170093334,0.4912826973553309
843,0.09107099643345304,0.9630205685307256,0.9630205685307256,0.34360074462254964,0.9390904875666145,0.565062675967105,0.8427239012746962,0.4727929816206937
844,0.07258128069881582,0.9445308527960884,0.9445308527960884,0.32511102888791243,0.9206007718319773,0.5465729602324678,0.824234185540059,0.4543032658860565
845,0.05409156496417861,0.9260411370614512,0.9260411370614512,0.30662131315327523,0.9021110560973401,0.5280832444978306,0.8057444698054218,0.4358135501514193
846,0.03560184922954139,0.907551421326814,0.907551421326814,0.28813159741863803,0.8836213403627029,0.5095935287631934,0.7872547540707846,0.4173238344167821
847,0.017112133494904178,0.8890617055921768,0.8890617055921768,0.26964188168400083,0.8651316246280657,0.4911038130285562,0.7687650383361474,0.3988341186821449
848,-0.0013775822397330342,0.8705719898575396,0.8705719898575396,0.2511521659493636,0.8466419088934285,0.472614097293919,0.7502753226015102,0.3803444029475077
849,0.998622417760267,0.7092983065332313,0.9676716200381427,0.21086279743013686,0.9337174264074946,0.43092153188062793,0.5512077700362591,0.28234934034559506
850,1.0,0.5480246232089231,1.0,0.1705734289109101,1.0,0.38922896646733685,0.35214021747100793,0.1843542777436824
851,0.9815102842653628,0.5295349074742859,0.9815102842653628,0.1520837131762729,0.9815102842653628,0.37073925073269964,0.33365050173637073,0.1658645620090452
852,0.9630205685307256,0.5110451917396487,0.9630205685307256,0.1335939974416357,0.9630205685307256,0.35224953499806244,0.31516078600173353,0.147374846274408
853,0.9445308527960884,0.4925554760050115,0.9445308527960884,0.11510428170699848,0.9445308527960884,0.33375981926342524,0.2966710702670963,0.1288851305397708
854,0.9260411370614512,0.4740657602703743,0.9260411370614512,0.09661456597236126,0.9260411370614512,0.31527010352878804,0.2781813545324591,0.11039541480513358
855,0.907551421326814,0.4555760445357371,0.907551421326814,0.07812485023772404,0.907551421326814,0.29678038779415084,0.2596916387978219,0.09190569907049637
856,0.8890617055921768,0.4370863288010999,0.8890617055921768,0.05963513450308683,0.8890617055921768,0.27829067205951363,0.24120192306318472,0.07341598333585915
857,0.8705719898575396,0.4185966130664627,0.8705719898575396,0.04114541876844961,0.8705719898575396,0.25980095632487643,0.22271220732854752,0.054926267601221934
858,0.8520822741229024,0.4001068973318255,0.8520822741229024,0.0226557030338124,0.8520822741229024,0.24131124059023923,0.20422249159391032,0.03643655186658472
859,0.8335925583882652,0.38161718159718827,0.8335925583882652,0.0041659872991751876,0.8335925583882652,0.22282152485560203,0.1857327758592731,0.017946836131947506
860,0.815102842653628,0.36312746586255107,0.815102842653628,-0.014323728435462025,0.815102842653628,0.20433180912096482,0.1672430601246359,-0.0005428796026897068
861,0.7748134741344012,0.2791818122031705,0.71219951654878,0.985676271564538,0.8844643481369838,0.04079296397815167,0.1883629683864461,0.07193681936584871
862,0.7345241056151743,0.19523615854378998,0.609296190443932,1.0,0.9538258536203397,-0.12274588116466148,0.20948287664825627,0.14441651833438712
863,0.6928315402018832,0.21776409014642503,0.6083205171361978,0.8364611548571869,0.9894405542767476,0.8772541188353385,0.2717347905899184,0.05163274861153476
864,0.6511389747885921,0.24029202174906006,0.6073448438284637,0.6729223097143737,1.0,1.0,0.3339867045315805,-0.041151021111317604
865,0.5531439121866794,0.11248115355664616,0.725479482096334,0.7454020086829122,0.882697074737398,0.9072162302771477,0.28400012472736824,0.9588489788886824
866,0.4551488495847667,-0.015329714635767749,0.8436141203642042,0.8178817076514506,0.765394149474796,0.8144324605542953,0.23401354492315596,1.0
867,0.29387516626045845,0.9846702853642323,1.0,0.7339360539920701,0.7534291089927405,0.8369603921569303,0.21979662276090833,0.8721891318075861
868,0.1326014829361502,1.0,1.0,0.6499904003326895,0.741464068510685,0.8594883237595653,0.2055797005986607,0.7443782636151721
869,0.11411176720151299,0.9815102842653628,0.9815102842653628,0.6315006845980523,0.7229743527760478,0.8409986080249281,0.1870899848640235,0.7258885478805349
870,0.09562205146687577,0.9630205685307256,0.9630205685307256,0.6130109688634151,0.7044846370414106,0.8225088922902909,0.1686002691293863,0.7073988321458977
871,0.07713233573223856,0.9445308527960884,0.9445308527960884,0.5945212531287779,0.6859949213067734,0.8040191765556537,0.1501105533947491,0.6889091164112605
872,0.05864261999760134,0.9260411370614512,0.9260411370614512,0.5760315373941407,0.6675052055721362,0.7855294608210165,0.1316208376601119,0.6704194006766233
873,0.040152904262964126,0.907551421326814,0.907551421326814,0.5575418216595035,0.649015489837499,0.7670397450863793,0.11313112192547468,0.6519296849419861
874,0.021663188528326913,0.8890617055921768,0.8890617055921768,0.5390521059248663,0.6305257741028618,0.7485500293517421,0.09464140619083747,0.6334399692073489
875,0.003173472793689701,0.8705719898575396,0.8705719898575396,0.5205623901902291,0.6120360583682246,0.7300603136171049,0.07615169045620025,0.6149502534727117
876,-0.015316242940947512,0.8520822741229024,0.8520822741229024,0.5020726744555919,0.5935463426335874,0.7115705978824677,0.057661974721563036,0.5964605377380745
877,0.9846837570590525,0.6908085907985941,0.9491819043035055,0.46178330593636513,0.6806218601476535,0.6698780324691765,-0.14140557784368812,0.4984654751361618
878,1.0,0.5295349074742859,1.0,0.42149393741713836,0.7676973776617195,0.6281854670558854,-0.3404731304089393,0.40047041253424914
879,0.8009324474347489,0.5153179853120383,1.0,0.44261384567894857,0.8364665510713949,0.6904373809975476,0.6595268695910608,0.3504838327300368
880,0.6018648948694977,0.5011010631497907,1.0,0.4637337539407588,0.9052357244810703,0.7526892949392098,1.0,0.3004972529258245
881,0.5833751791348605,0.48261134741515355,0.9815102842653628,0.4452440382061216,0.8867460087464331,0.7341995792045726,0.9815102842653628,0.2820075371911873
882,0.5648854634002233,0.46412163168051634,0.9630205685307256,0.42675432247148437,0.8682562930117959,0.7157098634699354,0.9630205685307256,0.2635178214565501
883,0.5463957476655861,0.44563191594587914,0.9445308527960884,0.40826460673684717,0.8497665772771587,0.6972201477352982,0.9445308527960884,0.24502810572191291
884,0.5279060319309489,0.42714220021124194,0.9260411370614512,0.38977489100220997,0.8312768615425215,0.678730432000661,0.9260411370614512,0.2265383899872757
885,0.5094163161963117,0.40865248447660474,0.907551421326814,0.37128517526757276,0.8127871458078842,0.6602407162660238,0.907551421326814,0.2080486742526385
886,0.49092660046167447,0.39016276874196754,0.8890617055921768,0.35279545953293556,0.794297430073247,0.6417510005313866,0.8890617055921768,0.1895589585180013
887,0.47243688472703727,0.37167305300733033,0.8705719898575396,0.33430574379829836,0.7758077143386098,0.6232612847967494,0.8705719898575396,0.1710692427833641
888,0.45394716899240006,0.35318333727269313,0.8520822741229024,0.31581602806366116,0.7573179986039726,0.6047715690621122,0.8520822741229024,0.1525795270487269
889,0.43545745325776286,0.33469362153805593,0.8335925583882652,0.29732631232902396,0.7388282828693354,0.586281853327475,0.8335925583882652,0.1340898113140897
890,0.41696773752312566,0.31620390580341873,0.815102842653628,0.27883659659438675,0.7203385671346982,0.5677921375928378,0.815102842653628,0.11560009557945249
891,0.39847802178848846,0.2977141900687815,0.7966131269189908,0.26034688085974955,0.701848851400061,0.5493024218582006,0.7966131269189908,0.09711037984481527
892,0.37998830605385125,0.2792244743341443,0.7781234111843536,0.24185716512511235,0.6833591356654238,0.5308127061235633,0.7781234111843536,0.07862066411017805
893,0.36149859031921405,0.2607347585995071,0.7596336954497164,0.22336744939047515,0.6648694199307866,0.5123229903889261,0.7596336954497164,0.06013094837554084
894,0.34300887458457685,0.24224504286486992,0.7411439797150792,0.20487773365583795,0.6463797041961494,0.49383327465428895,0.7411439797150792,0.04164123264090362
895,0.32451915884993965,0.22375532713023272,0.722654263980442,0.18638801792120074,0.6278899884615122,0.47534355891965174,0.722654263980442,0.02315151690626641
896,0.30602944311530245,0.20526561139559552,0.7041645482458048,0.16789830218656354,0.609400272726875,0.45685384318501454,0.7041645482458048,0.004661801171629197
897,0.28753972738066524,0.1867758956609583,0.6856748325111676,0.14940858645192634,0.5909105569922378,0.43836412745037734,0.6856748325111676,-0.013827914563008015
898,0.1895446647787526,0.0589650274685444,0.8038094707790379,0.22188828542046476,0.4736076317296358,0.345580357727525,0.6356882527069553,0.986172085436992
899,0.09154960217683993,-0.06884584072386951,0.9219441090469082,0.2943679843890032,0.3563047064670338,0.25279658800467264,0.585701672902743,1.0
900,-0.06972408114746834,0.9311541592761305,1.0,0.21042233072962266,0.34433966598497834,0.2753245196073077,0.5714847507404954,0.8721891318075861
901,-0.23099776447177658,1.0,1.0,0.12647667707024213,0.33237462550292285,0.29785245120994275,0.5572678285782479,0.7443782636151721
902,0.7690022355282234,0.8387263166756918,1.0,0.08618730855101535,0.41945014301698885,0.25615988579665167,0.3582002760129967,0.6463832010132594
903,1.0,0.6774526333513835,1.0,0.04589794003178857,0.5065256605310549,0.21446732038336055,0.15913272344774554,0.5483881384113468
904,0.9815102842653628,0.6589629176167463,0.9815102842653628,0.027408224297151357,0.48803594479641765,0.19597760464872335,0.14064300771310834,0.5298984226767096
905,0.9630205685307256,0.6404732018821091,0.9630205685307256,0.008918508562514145,0.46954622906178045,0.17748788891408615,0.12215329197847112,0.5114087069420724
906,0.9445308527960884,0.6219834861474719,0.9445308527960884,-0.009571207172123068,0.45105651332714325,0.15899817317944895,0.1036635762438339,0.4929189912074352
907,0.9042414842768616,0.5380378324880913,0.8416275266912404,0.9904287928278769,0.5204180188104991,-0.0045406719633642005,0.12478348450564407,0.5653986901759737
908,0.8639521157576348,0.4540921788287108,0.7387242005863924,1.0,0.5897795242938549,-0.16807951710617733,0.14590339276745426,0.6378783891445121
909,0.8222595503443436,0.47662011043134583,0.7377485272786583,0.8364611548571869,0.625394224950263,0.8319204828938227,0.20815530670911642,0.5450946194216598
910,0.7805669849310525,0.4991480420339809,0.7367728539709241,0.6729223097143737,0.661008925606671,1.0,0.27040722065077855,0.45231084969880747
911,0.7620772691964153,0.4806583262993437,0.7182831382362869,0.6544325939797365,0.6425192098720338,0.9815102842653628,0.25191750491614134,0.43382113396417027
912,0.7435875534617781,0.4621686105647065,0.6997934225016497,0.6359428782450993,0.6240294941373966,0.9630205685307256,0.23342778918150414,0.41533141822953307
913,0.7250978377271409,0.4436788948300693,0.6813037067670125,0.6174531625104621,0.6055397784027594,0.9445308527960884,0.21493807344686694,0.39684170249489586
914,0.7066081219925037,0.4251891790954321,0.6628139910323753,0.5989634467758249,0.5870500626681222,0.9260411370614512,0.19644835771222974,0.37835198676025866
915,0.6881184062578665,0.4066994633607949,0.6443242752977381,0.5804737310411877,0.568560346933485,0.907551421326814,0.17795864197759254,0.35986227102562146
916,0.6696286905232293,0.3882097476261577,0.6258345595631009,0.5619840153065505,0.5500706311988478,0.8890617055921768,0.15946892624295533,0.34137255529098426
917,0.6511389747885921,0.3697200318915205,0.6073448438284637,0.5434942995719133,0.5315809154642106,0.8705719898575396,0.14097921050831813,0.32288283955634706
918,0.6326492590539549,0.35123031615688327,0.5888551280938265,0.5250045838372761,0.5130911997295734,0.8520822741229024,0.12248949477368092,0.30439312382170985
919,0.6141595433193177,0.33274060042224607,0.5703654123591892,0.5065148681026389,0.4946014839949362,0.8335925583882652,0.1039997790390437,0.28590340808707265
920,0.5956698275846805,0.31425088468760887,0.551875696624552,0.4880251523680017,0.476111768260299,0.815102842653628,0.08551006330440648,0.26741369235243545
921,0.5771801118500433,0.29576116895297166,0.5333859808899148,0.4695354366333645,0.4576220525256618,0.7966131269189908,0.06702034756976927,0.24892397661779825
922,0.558690396115406,0.27727145321833446,0.5148962651552776,0.4510457208987273,0.4391323367910246,0.7781234111843536,0.04853063183513205,0.23043426088316105
923,0.5402006803807688,0.25878173748369726,0.49640654942064044,0.4325560051640901,0.4206426210563874,0.7596336954497164,0.03004091610049484,0.21194454514852384
924,0.5217109646461316,0.24029202174906006,0.47791683368600324,0.4140662894294529,0.4021529053217502,0.7411439797150792,0.011551200365857626,0.19345482941388664
925,0.5032212489114944,0.22180230601442286,0.45942711795136604,0.3955765736948157,0.383663189587113,0.722654263980442,-0.006938515368779586,0.17496511367924944
926,0.3041536963462433,0.20758538385217523,0.49926586461467215,0.4166964819566259,0.45243236299678835,0.7849061779221042,0.9930614846312205,0.12497853387503711
927,0.10508614378099211,0.1933684616899276,0.5391046112779783,0.4378163902184361,0.5212015364064637,0.8471580918637663,1.0,0.07499195407082479
928,0.0865964280463549,0.1748787459552904,0.5206148955433411,0.4193266744837989,0.5027118206718265,0.8286683761291291,0.9815102842653628,0.056502238336187574
929,0.06810671231171768,0.1563890302206532,0.5021251798087039,0.4008369587491617,0.4842221049371893,0.8101786603944919,0.9630205685307256,0.03801252260155036
930,0.04961699657708046,0.137899314486016,0.48363546407406666,0.3823472430145245,0.4657323892025521,0.7916889446598547,0.9445308527960884,0.019522806866913146
931,0.03112728084244325,0.11940959875137878,0.46514574833942945,0.3638575272798873,0.4472426734679149,0.7731992289252175,0.9260411370614512,0.0010330911322759331
932,0.012637565107806038,0.10091988301674157,0.44665603260479225,0.3453678115452501,0.4287529577332777,0.7547095131905803,0.907551421326814,-0.01745662460236128
933,-0.08535749749410664,-0.02689098517567234,0.5647906708726625,0.41784751051378854,0.3114500324706757,0.661925743467728,0.8575648415226017,0.9825433753976387
934,-0.1833525600960193,-0.15470185336808623,0.6829253091405328,0.490327209482327,0.19414710720807368,0.5691419737448756,0.8075782617183894,1.0
935,-0.34462624342032755,0.8452981466319138,0.8428602333779022,0.40638155582294644,0.18218206672601817,0.5916699053475106,0.7933613395561419,0.8721891318075861
936,-0.5058999267446358,1.0,1.0,0.3224359021635659,0.17021702624396268,0.6141978369501456,0.7791444173938943,0.7443782636151721
937,0.4941000732553642,0.8387263166756918,1.0,0.2821465336443391,0.2572925437580287,0.5725052715368545,0.5800768648286431,0.6463832010132594
938,1.0,0.6774526333513835,1.0,0.24185716512511235,0.3443680612720947,0.5308127061235633,0.3810093122633919,0.5483881384113468
939,0.9815102842653628,0.6589629176167463,0.9815102842653628,0.22336744939047515,0.3258783455374575,0.5123229903889261,0.3625195965287547,0.5298984226767096
940,0.9630205685307256,0.6404732018821091,0.9630205685307256,0.20487773365583795,0.3073886298028203,0.49383327465428895,0.3440298807941175,0.5114087069420724
941,0.9445308527960884,0.6219834861474719,0.9445308527960884,0.18638801792120074,0.2888989140681831,0.47534355891965174,0.3255401650594803,0.4929189912074352
942,0.9260411370614512,0.6034937704128347,0.9260411370614512,0.16789830218656354,0.2704091983335459,0.45685384318501454,0.3070504493248431,0.474429275472798
943,0.907551421326814,0.5850040546781975,0.907551421326814,0.14940858645192634,0.2519194825989087,0.43836412745037734,0.2885607335902059,0.4559395597381608
944,0.8890617055921768,0.5665143389435603,0.8890617055921768,0.13091887071728914,0.23342976686427147,0.41987441171574014,0.2700710178555687,0.4374498440035236
945,0.8705719898575396,0.5480246232089231,0.8705719898575396,0.11242915498265192,0.21494005112963427,0.40138469598110293,0.2515813021209315,0.4189601282688864
946,0.8520822741229024,0.5295349074742859,0.8520822741229024,0.0939394392480147,0.19645033539499707,0.38289498024646573,0.2330915863862943,0.4004704125342492
947,0.8335925583882652,0.5110451917396487,0.8335925583882652,0.07544972351337749,0.17796061966035986,0.36440526451182853,0.2146018706516571,0.381980696799612
948,0.815102842653628,0.4925554760050115,0.815102842653628,0.056960007778740274,0.15947090392572266,0.34591554877719133,0.1961121549170199,0.3634909810649748
949,0.7966131269189908,0.4740657602703743,0.7966131269189908,0.03847029204410306,0.14098118819108546,0.3274258330425541,0.17762243918238269,0.3450012653303376
950,0.7781234111843536,0.4555760445357371,0.7781234111843536,0.019980576309465845,0.12249147245644824,0.3089361173079169,0.15913272344774548,0.3265115495957004
951,0.7596336954497164,0.4370863288010999,0.7596336954497164,0.0014908605748286327,0.10400175672181103,0.2904464015732797,0.14064300771310828,0.3080218338610632
952,0.7411439797150792,0.4185966130664627,0.7411439797150792,-0.01699885515980858,0.08551204098717381,0.2719566858386425,0.12215329197847107,0.289532118126426
953,0.7008546111958524,0.3346509594070821,0.6382406536102312,0.9830011448401914,0.15487354647052967,0.10841784069582937,0.14327320024028126,0.36201181709496444
954,0.6605652426766255,0.25070530574770156,0.5353373275053832,1.0,0.22423505195388554,-0.055121004446983785,0.16439310850209143,0.4344915160635029
955,0.6188726772633344,0.2732332373503366,0.534361654197649,0.8364611548571869,0.2598497526102936,0.9448789955530162,0.22664502244375356,0.34170774634065054
956,0.5771801118500433,0.29576116895297166,0.5333859808899148,0.6729223097143737,0.2954644532667016,1.0,0.2888969363854157,0.2489239766177982
957,0.558690396115406,0.27727145321833446,0.5148962651552776,0.6544325939797365,0.2769747375320644,0.9815102842653628,0.2704072206507785,0.230434260883161
958,0.5402006803807688,0.25878173748369726,0.49640654942064044,0.6359428782450993,0.2584850217974272,0.9630205685307256,0.2519175049161413,0.2119445451485238
959,0.5217109646461316,0.24029202174906006,0.47791683368600324,0.6174531625104621,0.23999530606279001,0.9445308527960884,0.2334277891815041,0.1934548294138866
960,0.5032212489114944,0.22180230601442286,0.45942711795136604,0.5989634467758249,0.2215055903281528,0.9260411370614512,0.21493807344686688,0.17496511367924938
961,0.48473153317685724,0.20331259027978565,0.44093740221672884,0.5804737310411877,0.2030158745935156,0.907551421326814,0.19644835771222968,0.15647539794461218
962,0.46624181744222004,0.18482287454514845,0.42244768648209163,0.5619840153065505,0.1845261588588784,0.8890617055921768,0.17795864197759248,0.13798568220997498
963,0.44775210170758284,0.16633315881051125,0.40395797074745443,0.5434942995719133,0.1660364431242412,0.8705719898575396,0.15946892624295528,0.11949596647533776
964,0.42926238597294564,0.14784344307587405,0.38546825501281723,0.5250045838372761,0.147546727389604,0.8520822741229024,0.14097921050831808,0.10100625074070055
965,0.41077267023830843,0.12935372734123685,0.36697853927818,0.5065148681026389,0.1290570116549668,0.8335925583882652,0.12248949477368086,0.08251653500606333
966,0.39228295450367123,0.11086401160659963,0.3484888235435428,0.4880251523680017,0.11056729592032959,0.815102842653628,0.10399977903904364,0.06402681927142612
967,0.37379323876903403,0.09237429587196241,0.3299991078089056,0.4695354366333645,0.09207758018569237,0.7966131269189908,0.08551006330440643,0.0455371035367889
968,0.35530352303439683,0.0738845801373252,0.3115093920742684,0.4510457208987273,0.07358786445105515,0.7781234111843536,0.06702034756976921,0.027047387802151688
969,0.3368138072997596,0.05539486440268798,0.2930196763396312,0.4325560051640901,0.05509814871641794,0.7596336954497164,0.048530631835131996,0.008557672067514475
970,0.3183240915651224,0.036905148668050766,0.274529960604994,0.4140662894294529,0.03660843298178072,0.7411439797150792,0.030040916100494783,-0.009932043667122737
971,0.22032902896320977,-0.09090571952436315,0.3926645988728643,0.48654598839799135,-0.08069449228082132,0.6483602099922269,-0.019945663703717538,0.9900679563328773
972,0.1223339663612971,-0.21871658771677704,0.5107992371407346,0.5590256873665298,-0.19799741754342334,0.5555764402693745,-0.06993224350792986,1.0
973,-0.038939716963011156,0.781283412283223,0.6707341613781038,0.47508003370714924,-0.20996245802547886,0.5781043718720095,-0.08414916567017748,0.8721891318075861
974,-0.2002134002873194,1.0,0.8306690856154731,0.3911343800477687,-0.22192749850753435,0.6006323034746445,-0.0983660878324251,0.7443782636151721
975,-0.1131378827732534,0.9880349595179444,0.9061929166822166,0.4604958855311245,0.7780725014924657,0.6362470041310525,-0.029596914422749723,0.6270753383525701
976,-0.026062365259187394,0.9760699190358889,0.98171674774896,0.5298573910144804,1.0,0.6718617047874605,0.039172258986925654,0.5097724130899681
977,0.9739376347408126,0.8147962357115807,1.0,0.48956802249525355,1.0,0.6301691393741694,-0.1598952935783255,0.41177735048805547
978,1.0,0.6535225523872724,1.0,0.4492786539760268,1.0,0.5884765739608783,-0.35896284614357665,0.3137822878861428
979,0.8009324474347489,0.6393056302250248,1.0,0.470398562237837,1.0,0.6507284879025405,0.6410371538564233,0.26379570808193054
980,0.6018648948694977,0.6250887080627773,1.0,0.49151847049964714,1.0,0.7129804018442026,1.0,0.21380912827771822
981,0.5833751791348605,0.6065989923281401,0.9815102842653628,0.47302875476500994,0.9815102842653628,0.6944906861095654,0.9815102842653628,0.19531941254308102
982,0.5648854634002233,0.5881092765935029,0.9630205685307256,0.45453903903037274,0.9630205685307256,0.6760009703749282,0.9630205685307256,0.17682969680844382
983,0.5463957476655861,0.5696195608588657,0.9445308527960884,0.43604932329573554,0.9445308527960884,0.657511254640291,0.9445308527960884,0.15833998107380662
984,0.5279060319309489,0.5511298451242285,0.9260411370614512,0.41755960756109833,0.9260411370614512,0.6390215389056538,0.9260411370614512,0.13985026533916942
985,0.5094163161963117,0.5326401293895913,0.907551421326814,0.39906989182646113,0.907551421326814,0.6205318231710166,0.907551421326814,0.1213605496045322
986,0.49092660046167447,0.5141504136549541,0.8890617055921768,0.38058017609182393,0.8890617055921768,0.6020421074363794,0.8890617055921768,0.10287083386989498
987,0.47243688472703727,0.49566069792031686,0.8705719898575396,0.3620904603571867,0.8705719898575396,0.5835523917017422,0.8705719898575396,0.08438111813525777
988,0.45394716899240006,0.47717098218567966,0.8520822741229024,0.3436007446225495,0.8520822741229024,0.565062675967105,0.8520822741229024,0.06589140240062055
989,0.43545745325776286,0.45868126645104246,0.8335925583882652,0.3251110288879123,0.8335925583882652,0.5465729602324678,0.8335925583882652,0.047401686665983336
990,0.41696773752312566,0.44019155071640526,0.815102842653628,0.3066213131532751,0.815102842653628,0.5280832444978306,0.815102842653628,0.028911970931346124
991,0.39847802178848846,0.42170183498176805,0.7966131269189908,0.2881315974186379,0.7966131269189908,0.5095935287631934,0.7966131269189908,0.010422255196708911
992,0.37998830605385125,0.40321211924713085,0.7781234111843536,0.2696418816840007,0.7781234111843536,0.4911038130285562,0.7781234111843536,-0.008067460537928301
993,0.2819932434519386,0.27540125105471697,0.8962580494522239,0.34212158065253917,0.6608204859217516,0.39832004330570386,0.7281368313801413,0.9919325394620717
994,0.18399818085002595,0.14759038286230308,1.0,0.4146012796210776,0.5435175606591496,0.3055362735828515,0.678150251575929,1.0
995,0.16550846511538875,0.12910066712766588,0.9815102842653628,0.3961115638864404,0.5250278449245124,0.2870465578482143,0.6596605358412918,0.9815102842653628
996,0.14701874938075155,0.11061095139302866,0.9630205685307256,0.3776218481518032,0.5065381291898752,0.2685568421135771,0.6411708201066546,0.9630205685307256
997,0.12852903364611434,0.09212123565839145,0.9445308527960884,0.359132132417166,0.488048413455238,0.2500671263789399,0.6226811043720174,0.9445308527960884
998,0.11003931791147713,0.07363151992375423,0.9260411370614512,0.3406424166825288,0.46955869772060077,0.2315774106443027,0.6041913886373802,0.9260411370614512
999,0.09154960217683991,0.055141804189117016,0.907551421326814,0.3221527009478916,0.45106898198596357,0.2130876949096655,0.585701672902743,0.907551421326814
