step,motive_1,motive_2,motive_3,motive_4,motive_5,motive_6,motive_7,motive_8
0,0.4337307703228045,0.8612045308202338,0.4705946686692233,0.36055323935124856,0.6163696755661658,0.48636406645840846,0.4706182941936944,0.5846279838794388
1,0.7897198626487217,1.0,0.9530556580370805,0.6135932747978131,0.8362204243640792,0.6449881118790585,0.818153388730274,1.0
2,0.7116731390909934,0.9219532764422717,0.8750089344793521,0.5355465512400848,0.7581737008063508,0.5669413883213301,0.7401066651725456,0.9219532764422717
3,0.633626415533265,0.8439065528845433,0.7969622109216238,0.4574998276823564,0.6801269772486225,0.48889466476360177,0.6620599416148173,0.8439065528845433
4,0.5555796919755367,0.765859829326815,0.7189154873638954,0.37945310412462807,0.6020802536908941,0.4108479412058734,0.584013218057089,0.765859829326815
5,0.47753296841780835,0.6878131057690866,0.6408687638061671,0.3014063805668997,0.5240335301331658,0.3328012176481451,0.5059664944993606,0.6878131057690866
6,0.39948624486008,0.6097663822113583,0.5628220402484387,0.22335965700917138,0.44598680657543743,0.2547544940904167,0.42791977094163225,0.6097663822113583
7,0.32143952130235165,0.5317196586536299,0.4847753166907104,0.14531293345144303,0.3679400830177091,0.17670777053268838,0.3498730473839039,0.5317196586536299
8,0.2433927977446233,0.45367293509590156,0.40672859313298204,0.06726620989371469,0.28989335945998074,0.09866104697496005,0.27182632382617555,0.45367293509590156
9,0.16534607418689495,0.3756262115381732,0.3286818695752537,-0.010780513664013641,0.2118466359022524,0.02061432341723171,0.1937796002684472,0.3756262115381732
10,0.39850746962212935,0.6286662469847378,0.6993996548809104,0.9892194863359863,0.4846189749494527,0.6030296831954518,0.7677815888075228,0.6449791266763127
11,0.6316688650573637,0.8817062824313024,1.0,1.0,0.757391313996653,1.0,1.0,0.9143320418144523
12,0.5536221414996354,0.8036595588735741,0.9219532764422717,0.9219532764422717,0.6793445904389247,0.9219532764422717,0.9219532764422717,0.8362853182567239
13,0.47557541794190705,0.7256128353158458,0.8439065528845433,0.8439065528845433,0.6012978668811964,0.8439065528845433,0.8439065528845433,0.7582385946989956
14,0.3975286943841787,0.6475661117581174,0.765859829326815,0.765859829326815,0.523251143323468,0.765859829326815,0.765859829326815,0.6801918711412672
15,0.31948197082645036,0.569519388200389,0.6878131057690866,0.6878131057690866,0.44520441976573966,0.6878131057690866,0.6878131057690866,0.6021451475835389
16,0.241435247268722,0.4914726646426607,0.6097663822113583,0.6097663822113583,0.3671576962080113,0.6097663822113583,0.6097663822113583,0.5240984240258105
17,0.16338852371099366,0.41342594108493236,0.5317196586536299,0.5317196586536299,0.28911097265028296,0.5317196586536299,0.5317196586536299,0.4460517004680822
18,0.08534180015326533,0.335379217527204,0.45367293509590156,0.45367293509590156,0.2110642490925546,0.45367293509590156,0.45367293509590156,0.36800497691035383
19,0.007295076595536992,0.25733249396947566,0.3756262115381732,0.3756262115381732,0.13301752553482626,0.3756262115381732,0.3756262115381732,0.2899582533526255
20,-0.07075164696219134,0.17928577041174731,0.29757948798044487,0.29757948798044487,0.05497080197709793,0.29757948798044487,0.29757948798044487,0.21191152979489714
21,0.9292483530378086,0.5352748627376646,0.6861669038304502,0.5307408834156793,0.8239377930852052,0.9675763452310943,0.6196230184401398,0.5443927862488429
22,1.0,0.8912639550635818,1.0,0.7639022788509137,1.0,1.0,0.9416665488998347,0.8768740427027887
23,0.9219532764422717,0.8132172315058535,0.9219532764422717,0.6858555552931853,0.9219532764422717,0.9219532764422717,0.8636198253421064,0.7988273191450603
24,0.8439065528845433,0.7351705079481251,0.8439065528845433,0.607808831735457,0.8439065528845433,0.8439065528845433,0.785573101784378,0.720780595587332
25,0.765859829326815,0.6571237843903968,0.765859829326815,0.5297621081777286,0.765859829326815,0.765859829326815,0.7075263782266497,0.6427338720296036
26,0.6878131057690866,0.5790770608326684,0.6878131057690866,0.45171538462000027,0.6878131057690866,0.6878131057690866,0.6294796546689213,0.5646871484718753
27,0.6097663822113583,0.5010303372749401,0.6097663822113583,0.3736686610622719,0.6097663822113583,0.6097663822113583,0.551432931111193,0.48664042491414694
28,0.5317196586536299,0.4229836137172117,0.5317196586536299,0.2956219375045436,0.5317196586536299,0.5317196586536299,0.4733862075534646,0.4085937013564186
29,0.45367293509590156,0.34493689015948337,0.45367293509590156,0.21757521394681523,0.45367293509590156,0.45367293509590156,0.39533948399573626,0.33054697779869024
30,0.3756262115381732,0.266890166601755,0.3756262115381732,0.13952849038908688,0.3756262115381732,0.3756262115381732,0.3172927604380079,0.2525002542409619
31,0.29757948798044487,0.18884344304402667,0.29757948798044487,0.061481766831358545,0.29757948798044487,0.29757948798044487,0.23924603688027957,0.17445353068323355
32,0.21953276442271652,0.11079671948629834,0.21953276442271652,-0.01656495672636979,0.21953276442271652,0.21953276442271652,0.16119931332255122,0.09640680712550521
33,0.4526941598579509,0.36383675493286294,0.5902505497283732,0.9834350432736302,0.49230510346991685,0.8019481242009366,0.7352013018616268,0.3657597222636447
34,0.6858555552931853,0.6168767903794276,0.9609683350340298,1.0,0.7650774425171172,1.0,1.0,0.6351126374017843
35,0.607808831735457,0.5388300668216992,0.8829216114763014,0.9219532764422717,0.6870307189593888,0.9219532764422717,0.9219532764422717,0.5570659138440559
36,0.5297621081777286,0.46078334326397086,0.8048748879185731,0.8439065528845433,0.6089839954016605,0.8439065528845433,0.8439065528845433,0.47901919028632756
37,0.45171538462000027,0.3827366197062425,0.7268281643608447,0.765859829326815,0.5309372718439321,0.765859829326815,0.765859829326815,0.4009724667285992
38,0.3736686610622719,0.30468989614851416,0.6487814408031164,0.6878131057690866,0.4528905482862038,0.6878131057690866,0.6878131057690866,0.32292574317087086
39,0.2956219375045436,0.2266431725907858,0.570734717245388,0.6097663822113583,0.37484382472847544,0.6097663822113583,0.6097663822113583,0.2448790196131425
40,0.21757521394681523,0.14859644903305746,0.4926879936876597,0.5317196586536299,0.2967971011707471,0.5317196586536299,0.5317196586536299,0.16683229605541416
41,0.13952849038908688,0.07054972547532913,0.41464127012993135,0.45367293509590156,0.21875037761301874,0.45367293509590156,0.45367293509590156,0.08878557249768583
42,0.061481766831358545,-0.007496998082399203,0.336594546572203,0.3756262115381732,0.1407036540552904,0.3756262115381732,0.3756262115381732,0.010738848939957496
43,0.4174708591572757,0.9925030019176008,0.8190555359400602,0.6286662469847378,0.3605544028532037,0.5342502569588232,0.7231613060747529,0.4302041394162014
44,0.7734599514831929,1.0,1.0,0.8817062824313024,0.5804051516511171,0.6928743023794732,1.0,0.8496694298924453
45,0.6954132279254646,0.9219532764422717,0.9219532764422717,0.8036595588735741,0.5023584280933887,0.6148275788217449,0.9219532764422717,0.771622706334717
46,0.6173665043677362,0.8439065528845433,0.8439065528845433,0.7256128353158458,0.42431170453566036,0.5367808552640165,0.8439065528845433,0.6935759827769886
47,0.5393197808100079,0.765859829326815,0.765859829326815,0.6475661117581174,0.346264980977932,0.4587341317062882,0.765859829326815,0.6155292592192603
48,0.4612730572522795,0.6878131057690866,0.6878131057690866,0.569519388200389,0.26821825742020367,0.38068740814855984,0.6878131057690866,0.5374825356615319
49,0.38322633369455117,0.6097663822113583,0.6097663822113583,0.4914726646426607,0.19017153386247532,0.3026406845908315,0.6097663822113583,0.4594358121038036
50,0.3051796101368228,0.5317196586536299,0.5317196586536299,0.41342594108493236,0.11212481030474698,0.22459396103310314,0.5317196586536299,0.38138908854607523
51,0.22713288657909447,0.45367293509590156,0.45367293509590156,0.335379217527204,0.03407808674701865,0.1465472374753748,0.45367293509590156,0.3033423649883469
52,0.14908616302136612,0.3756262115381732,0.3756262115381732,0.25733249396947566,-0.043968636810709685,0.06850051391764646,0.3756262115381732,0.22529564143061853
53,0.9180531541294734,0.5954769603360865,0.706563308158984,0.530104833016676,0.9560313631892903,0.47677640130619414,0.9836021521601027,1.0
54,1.0,0.8153277091339999,1.0,0.8028771720638763,1.0,0.8850522886947417,1.0,1.0
55,0.9219532764422717,0.7372809855762715,0.9219532764422717,0.724830448506148,0.9219532764422717,0.8070055651370134,0.9219532764422717,0.9219532764422717
56,0.8439065528845433,0.6592342620185432,0.8439065528845433,0.6467837249484196,0.8439065528845433,0.728958841579285,0.8439065528845433,0.8439065528845433
57,0.765859829326815,0.5811875384608148,0.765859829326815,0.5687370013906913,0.765859829326815,0.6509121180215567,0.765859829326815,0.765859829326815
58,0.6878131057690866,0.5031408149030865,0.6878131057690866,0.49069027783296293,0.6878131057690866,0.5728653944638283,0.6878131057690866,0.6878131057690866
59,0.6097663822113583,0.42509409134535814,0.6097663822113583,0.4126435542752346,0.6097663822113583,0.4948186709061,0.6097663822113583,0.6097663822113583
60,0.5317196586536299,0.3470473677876298,0.5317196586536299,0.33459683071750623,0.5317196586536299,0.41677194734837164,0.5317196586536299,0.5317196586536299
61,0.45367293509590156,0.26900064422990144,0.45367293509590156,0.2565501071597779,0.45367293509590156,0.3387252237906433,0.45367293509590156,0.45367293509590156
62,0.3756262115381732,0.1909539206721731,0.3756262115381732,0.17850338360204954,0.3756262115381732,0.26067850023291494,0.3756262115381732,0.3756262115381732
63,0.29757948798044487,0.11290719711444476,0.29757948798044487,0.1004566600443212,0.29757948798044487,0.1826317766751866,0.29757948798044487,0.29757948798044487
64,0.21953276442271652,0.034860473556716426,0.21953276442271652,0.02240993648659287,0.21953276442271652,0.10458505311745826,0.21953276442271652,0.21953276442271652
65,0.14148604086498817,-0.04318625000101191,0.14148604086498817,-0.055636787071135466,0.14148604086498817,0.02653832955972993,0.14148604086498817,0.14148604086498817
66,0.37464743630022257,0.20985378544555272,0.5122038261706449,0.9443632129288645,0.4142583799121885,0.60895368933795,0.7154880294040638,0.4108389560031277
67,0.607808831735457,0.4628938208921173,0.8829216114763015,1.0,0.6870307189593888,1.0,1.0,0.6801918711412672
68,0.5297621081777286,0.38484709733438893,0.8048748879185732,0.9219532764422717,0.6089839954016605,0.9219532764422717,0.9219532764422717,0.6021451475835389
69,0.45171538462000027,0.3068003737766606,0.7268281643608449,0.8439065528845433,0.5309372718439321,0.8439065528845433,0.8439065528845433,0.5240984240258105
70,0.3736686610622719,0.22875365021893224,0.6487814408031165,0.765859829326815,0.4528905482862038,0.765859829326815,0.765859829326815,0.4460517004680822
71,0.2956219375045436,0.1507069266612039,0.5707347172453882,0.6878131057690866,0.37484382472847544,0.6878131057690866,0.6878131057690866,0.36800497691035383
72,0.21757521394681523,0.07266020310347555,0.4926879936876598,0.6097663822113583,0.2967971011707471,0.6097663822113583,0.6097663822113583,0.2899582533526255
73,0.13952849038908688,-0.00538652045425278,0.41464127012993146,0.5317196586536299,0.21875037761301874,0.5317196586536299,0.5317196586536299,0.21191152979489714
74,0.4955175827150041,0.9946134795457472,0.8971022594977887,0.7847596941001945,0.4386011264109321,0.6903437040742799,0.8792547531902096,0.6313768202711411
75,0.8515066750409214,1.0,1.0,1.0,0.6584518752088454,0.8489677494949299,1.0,1.0
76,0.773459951483193,0.9219532764422717,0.9219532764422717,0.9219532764422717,0.5804051516511171,0.7709210259372016,0.9219532764422717,0.9219532764422717
77,0.6954132279254647,0.8439065528845433,0.8439065528845433,0.8439065528845433,0.5023584280933887,0.6928743023794732,0.8439065528845433,0.8439065528845433
78,0.6173665043677363,0.765859829326815,0.765859829326815,0.765859829326815,0.42431170453566036,0.6148275788217449,0.765859829326815,0.765859829326815
79,0.539319780810008,0.6878131057690866,0.6878131057690866,0.6878131057690866,0.346264980977932,0.5367808552640165,0.6878131057690866,0.6878131057690866
80,0.46127305725227963,0.6097663822113583,0.6097663822113583,0.6097663822113583,0.26821825742020367,0.4587341317062882,0.6097663822113583,0.6097663822113583
81,0.3832263336945513,0.5317196586536299,0.5317196586536299,0.5317196586536299,0.19017153386247532,0.38068740814855984,0.5317196586536299,0.5317196586536299
82,0.30517961013682293,0.45367293509590156,0.45367293509590156,0.45367293509590156,0.11212481030474698,0.3026406845908315,0.45367293509590156,0.45367293509590156
83,0.22713288657909458,0.3756262115381732,0.3756262115381732,0.3756262115381732,0.03407808674701865,0.22459396103310314,0.3756262115381732,0.3756262115381732
84,0.14908616302136624,0.29757948798044487,0.29757948798044487,0.29757948798044487,-0.043968636810709685,0.1465472374753748,0.29757948798044487,0.29757948798044487
85,0.9180531541294735,0.5174302367783582,0.6285165846012556,0.5703518270276452,0.9560313631892903,0.5548231248639225,0.9055554286023744,1.0
86,1.0,0.7372809855762715,0.9594536812220663,0.8431241660748455,1.0,0.9630990122524702,1.0,1.0
87,0.9219532764422717,0.6592342620185432,0.881406957664338,0.7650774425171172,0.9219532764422717,0.8850522886947418,0.9219532764422717,0.9219532764422717
88,0.8439065528845433,0.5811875384608148,0.8033602341066096,0.6870307189593888,0.8439065528845433,0.8070055651370135,0.8439065528845433,0.8439065528845433
89,0.765859829326815,0.5031408149030865,0.7253135105488813,0.6089839954016605,0.765859829326815,0.7289588415792851,0.765859829326815,0.765859829326815
90,0.6878131057690866,0.42509409134535814,0.6472667869911529,0.5309372718439321,0.6878131057690866,0.6509121180215568,0.6878131057690866,0.6878131057690866
91,0.6097663822113583,0.3470473677876298,0.5692200634334246,0.4528905482862038,0.6097663822113583,0.5728653944638284,0.6097663822113583,0.6097663822113583
92,0.5317196586536299,0.26900064422990144,0.4911733398756962,0.37484382472847544,0.5317196586536299,0.4948186709061001,0.5317196586536299,0.5317196586536299
93,0.45367293509590156,0.1909539206721731,0.4131266163179679,0.2967971011707471,0.45367293509590156,0.41677194734837175,0.45367293509590156,0.45367293509590156
94,0.3756262115381732,0.11290719711444476,0.33507989276023953,0.21875037761301874,0.3756262115381732,0.3387252237906434,0.3756262115381732,0.3756262115381732
95,0.29757948798044487,0.034860473556716426,0.2570331692025112,0.1407036540552904,0.29757948798044487,0.26067850023291506,0.29757948798044487,0.29757948798044487
96,0.21953276442271652,-0.04318625000101191,0.17898644564478283,0.06265693049756206,0.21953276442271652,0.1826317766751867,0.21953276442271652,0.21953276442271652
97,0.5755218567486337,0.956813749998988,0.66144743501264,0.31569696594412666,0.43938351322062985,0.3412558220958367,0.5670678589592962,0.6389980548989603
98,0.9315109490745509,1.0,1.0,0.5687370013906913,0.6592342620185432,0.4998798675164867,0.9146029534958758,1.0
99,0.8534642255168225,0.9219532764422717,0.9219532764422717,0.49069027783296293,0.5811875384608148,0.42183314395875837,0.8365562299381475,0.9219532764422717
100,0.7754175019590942,0.8439065528845433,0.8439065528845433,0.4126435542752346,0.5031408149030865,0.34378642040103,0.7585095063804191,0.8439065528845433
101,0.6973707784013659,0.765859829326815,0.765859829326815,0.33459683071750623,0.42509409134535814,0.2657396968433017,0.6804627828226908,0.765859829326815
102,0.6193240548436375,0.6878131057690866,0.6878131057690866,0.2565501071597779,0.3470473677876298,0.18769297328557333,0.6024160592649624,0.6878131057690866
103,0.5412773312859092,0.6097663822113583,0.6097663822113583,0.17850338360204954,0.26900064422990144,0.109646249727845,0.5243693357072341,0.6097663822113583
104,0.4632306077281808,0.5317196586536299,0.5317196586536299,0.1004566600443212,0.1909539206721731,0.03159952617011666,0.44632261214950575,0.5317196586536299
105,0.38518388417045246,0.45367293509590156,0.45367293509590156,0.02240993648659287,0.11290719711444476,-0.046447197387611674,0.3682758885917774,0.45367293509590156
106,1.0,0.6122969805165516,0.7404738985871567,0.604825296264813,0.5211830845029924,0.9535528026123883,0.8461497333916503,1.0
107,1.0,0.7709210259372016,1.0,1.0,0.9294589718915401,1.0,1.0,1.0
108,0.9219532764422717,0.6928743023794732,0.9219532764422717,0.9219532764422717,0.8514122483338118,0.9219532764422717,0.9219532764422717,0.9219532764422717
109,0.8439065528845433,0.6148275788217449,0.8439065528845433,0.8439065528845433,0.7733655247760834,0.8439065528845433,0.8439065528845433,0.8439065528845433
110,0.765859829326815,0.5367808552640165,0.765859829326815,0.765859829326815,0.6953188012183551,0.765859829326815,0.765859829326815,0.765859829326815
111,0.6878131057690866,0.4587341317062882,0.6878131057690866,0.6878131057690866,0.6172720776606268,0.6878131057690866,0.6878131057690866,0.6878131057690866
112,0.6097663822113583,0.38068740814855984,0.6097663822113583,0.6097663822113583,0.5392253541028984,0.6097663822113583,0.6097663822113583,0.6097663822113583
113,0.5317196586536299,0.3026406845908315,0.5317196586536299,0.5317196586536299,0.46117863054517005,0.5317196586536299,0.5317196586536299,0.5317196586536299
114,0.45367293509590156,0.22459396103310314,0.45367293509590156,0.45367293509590156,0.3831319069874417,0.45367293509590156,0.45367293509590156,0.45367293509590156
115,0.3756262115381732,0.1465472374753748,0.3756262115381732,0.3756262115381732,0.30508518342971336,0.3756262115381732,0.3756262115381732,0.3756262115381732
116,0.29757948798044487,0.06850051391764646,0.29757948798044487,0.29757948798044487,0.227038459871985,0.29757948798044487,0.29757948798044487,0.29757948798044487
117,0.21953276442271652,-0.009546209640081876,0.21953276442271652,0.21953276442271652,0.14899173631425666,0.21953276442271652,0.21953276442271652,0.21953276442271652
118,0.5755218567486337,0.9904537903599181,0.7019937537905737,0.47257279986928113,0.36884248511217,0.3781568098433665,0.5670678589592962,0.6389980548989603
119,0.9315109490745509,1.0,1.0,0.7256128353158458,0.5886932339100833,0.5367808552640165,0.9146029534958758,1.0
120,0.8534642255168225,0.9219532764422717,0.9219532764422717,0.6475661117581174,0.510646510352355,0.4587341317062882,0.8365562299381475,0.9219532764422717
121,0.7754175019590942,0.8439065528845433,0.8439065528845433,0.569519388200389,0.43259978679462663,0.38068740814855984,0.7585095063804191,0.8439065528845433
122,0.6973707784013659,0.765859829326815,0.765859829326815,0.4914726646426607,0.3545530632368983,0.3026406845908315,0.6804627828226908,0.765859829326815
123,0.6193240548436375,0.6878131057690866,0.6878131057690866,0.41342594108493236,0.27650633967916993,0.22459396103310314,0.6024160592649624,0.6878131057690866
124,0.5412773312859092,0.6097663822113583,0.6097663822113583,0.335379217527204,0.19845961612144158,0.1465472374753748,0.5243693357072341,0.6097663822113583
125,0.4632306077281808,0.5317196586536299,0.5317196586536299,0.25733249396947566,0.12041289256371325,0.06850051391764646,0.44632261214950575,0.5317196586536299
126,0.38518388417045246,0.45367293509590156,0.45367293509590156,0.17928577041174731,0.042366169005984916,-0.009546209640081876,0.3682758885917774,0.45367293509590156
127,1.0,0.6122969805165516,0.7404738985871567,0.7617011301899674,0.4506420563945326,0.9904537903599181,0.8461497333916503,1.0
128,1.0,0.7709210259372016,1.0,1.0,0.8589179437830802,1.0,1.0,1.0
129,0.9219532764422717,0.6928743023794732,0.9219532764422717,0.9219532764422717,0.7808712202253518,0.9219532764422717,0.9219532764422717,0.9219532764422717
130,0.8439065528845433,0.6148275788217449,0.8439065528845433,0.8439065528845433,0.7028244966676235,0.8439065528845433,0.8439065528845433,0.8439065528845433
131,0.765859829326815,0.5367808552640165,0.765859829326815,0.765859829326815,0.6247777731098951,0.765859829326815,0.765859829326815,0.765859829326815
132,0.6878131057690866,0.4587341317062882,0.6878131057690866,0.6878131057690866,0.5467310495521668,0.6878131057690866,0.6878131057690866,0.6878131057690866
133,0.6097663822113583,0.38068740814855984,0.6097663822113583,0.6097663822113583,0.46868432599443843,0.6097663822113583,0.6097663822113583,0.6097663822113583
134,0.5317196586536299,0.3026406845908315,0.5317196586536299,0.5317196586536299,0.3906376024367101,0.5317196586536299,0.5317196586536299,0.5317196586536299
135,0.45367293509590156,0.22459396103310314,0.45367293509590156,0.45367293509590156,0.31259087887898174,0.45367293509590156,0.45367293509590156,0.45367293509590156
136,0.3756262115381732,0.1465472374753748,0.3756262115381732,0.3756262115381732,0.2345441553212534,0.3756262115381732,0.3756262115381732,0.3756262115381732
137,0.29757948798044487,0.06850051391764646,0.29757948798044487,0.29757948798044487,0.15649743176352504,0.29757948798044487,0.29757948798044487,0.29757948798044487
138,0.21953276442271652,-0.009546209640081876,0.21953276442271652,0.21953276442271652,0.07845070820579671,0.21953276442271652,0.21953276442271652,0.21953276442271652
139,0.5755218567486337,0.9904537903599181,0.7019937537905737,0.47257279986928113,0.29830145700371,0.3781568098433665,0.5670678589592962,0.6389980548989603
140,0.9315109490745509,1.0,1.0,0.7256128353158458,0.5181522058016234,0.5367808552640165,0.9146029534958758,1.0
141,0.8534642255168225,0.9219532764422717,0.9219532764422717,0.6475661117581174,0.440105482243895,0.4587341317062882,0.8365562299381475,0.9219532764422717
142,0.7754175019590942,0.8439065528845433,0.8439065528845433,0.569519388200389,0.36205875868616666,0.38068740814855984,0.7585095063804191,0.8439065528845433
143,0.6973707784013659,0.765859829326815,0.765859829326815,0.4914726646426607,0.2840120351284383,0.3026406845908315,0.6804627828226908,0.765859829326815
144,0.6193240548436375,0.6878131057690866,0.6878131057690866,0.41342594108493236,0.20596531157070996,0.22459396103310314,0.6024160592649624,0.6878131057690866
145,0.5412773312859092,0.6097663822113583,0.6097663822113583,0.335379217527204,0.12791858801298162,0.1465472374753748,0.5243693357072341,0.6097663822113583
146,0.4632306077281808,0.5317196586536299,0.5317196586536299,0.25733249396947566,0.04987186445525328,0.06850051391764646,0.44632261214950575,0.5317196586536299
147,0.38518388417045246,0.45367293509590156,0.45367293509590156,0.17928577041174731,-0.028174859102475053,-0.009546209640081876,0.3682758885917774,0.45367293509590156
148,1.0,0.6122969805165516,0.7404738985871567,0.7617011301899674,0.3801010282860726,0.9904537903599181,0.8461497333916503,1.0
149,1.0,0.7709210259372016,1.0,1.0,0.7883769156746202,1.0,1.0,1.0
150,0.9219532764422717,0.6928743023794732,0.9219532764422717,0.9219532764422717,0.7103301921168919,0.9219532764422717,0.9219532764422717,0.9219532764422717
151,0.8439065528845433,0.6148275788217449,0.8439065528845433,0.8439065528845433,0.6322834685591635,0.8439065528845433,0.8439065528845433,0.8439065528845433
152,0.765859829326815,0.5367808552640165,0.765859829326815,0.765859829326815,0.5542367450014352,0.765859829326815,0.765859829326815,0.765859829326815
153,0.6878131057690866,0.4587341317062882,0.6878131057690866,0.6878131057690866,0.4761900214437068,0.6878131057690866,0.6878131057690866,0.6878131057690866
154,0.6097663822113583,0.38068740814855984,0.6097663822113583,0.6097663822113583,0.39814329788597846,0.6097663822113583,0.6097663822113583,0.6097663822113583
155,0.5317196586536299,0.3026406845908315,0.5317196586536299,0.5317196586536299,0.3200965743282501,0.5317196586536299,0.5317196586536299,0.5317196586536299
156,0.45367293509590156,0.22459396103310314,0.45367293509590156,0.45367293509590156,0.24204985077052177,0.45367293509590156,0.45367293509590156,0.45367293509590156
157,0.3756262115381732,0.1465472374753748,0.3756262115381732,0.3756262115381732,0.16400312721279342,0.3756262115381732,0.3756262115381732,0.3756262115381732
158,0.29757948798044487,0.06850051391764646,0.29757948798044487,0.29757948798044487,0.08595640365506509,0.29757948798044487,0.29757948798044487,0.29757948798044487
159,0.21953276442271652,-0.009546209640081876,0.21953276442271652,0.21953276442271652,0.007909680097336752,0.21953276442271652,0.21953276442271652,0.21953276442271652
160,0.5755218567486337,0.9904537903599181,0.7019937537905737,0.47257279986928113,0.22776042889525006,0.3781568098433665,0.5670678589592962,0.6389980548989603
161,0.9315109490745509,1.0,1.0,0.7256128353158458,0.4476111776931634,0.5367808552640165,0.9146029534958758,1.0
162,0.8534642255168225,0.9219532764422717,0.9219532764422717,0.6475661117581174,0.36956445413543504,0.4587341317062882,0.8365562299381475,0.9219532764422717
163,0.7754175019590942,0.8439065528845433,0.8439065528845433,0.569519388200389,0.2915177305777067,0.38068740814855984,0.7585095063804191,0.8439065528845433
164,0.6973707784013659,0.765859829326815,0.765859829326815,0.4914726646426607,0.21347100701997834,0.3026406845908315,0.6804627828226908,0.765859829326815
165,0.6193240548436375,0.6878131057690866,0.6878131057690866,0.41342594108493236,0.13542428346225,0.22459396103310314,0.6024160592649624,0.6878131057690866
166,0.5412773312859092,0.6097663822113583,0.6097663822113583,0.335379217527204,0.05737755990452166,0.1465472374753748,0.5243693357072341,0.6097663822113583
167,0.4632306077281808,0.5317196586536299,0.5317196586536299,0.25733249396947566,-0.020669163653206674,0.06850051391764646,0.44632261214950575,0.5317196586536299
168,1.0,0.7515704074515432,0.8626567552744407,0.530104833016676,0.9793308363467933,0.47677640130619414,1.0,1.0
169,1.0,0.9714211562494565,1.0,0.8028771720638763,1.0,0.8850522886947417,1.0,1.0
170,0.9219532764422717,0.8933744326917281,0.9219532764422717,0.724830448506148,0.9219532764422717,0.8070055651370134,0.9219532764422717,0.9219532764422717
171,0.8439065528845433,0.8153277091339998,0.8439065528845433,0.6467837249484196,0.8439065528845433,0.728958841579285,0.8439065528845433,0.8439065528845433
172,0.765859829326815,0.7372809855762714,0.765859829326815,0.5687370013906913,0.765859829326815,0.6509121180215567,0.765859829326815,0.765859829326815
173,0.6878131057690866,0.6592342620185431,0.6878131057690866,0.49069027783296293,0.6878131057690866,0.5728653944638283,0.6878131057690866,0.6878131057690866
174,0.6097663822113583,0.5811875384608147,0.6097663822113583,0.4126435542752346,0.6097663822113583,0.4948186709061,0.6097663822113583,0.6097663822113583
175,0.5317196586536299,0.5031408149030864,0.5317196586536299,0.33459683071750623,0.5317196586536299,0.41677194734837164,0.5317196586536299,0.5317196586536299
176,0.45367293509590156,0.425094091345358,0.45367293509590156,0.2565501071597779,0.45367293509590156,0.3387252237906433,0.45367293509590156,0.45367293509590156
177,0.3756262115381732,0.3470473677876297,0.3756262115381732,0.17850338360204954,0.3756262115381732,0.26067850023291494,0.3756262115381732,0.3756262115381732
178,0.29757948798044487,0.26900064422990133,0.29757948798044487,0.1004566600443212,0.29757948798044487,0.1826317766751866,0.29757948798044487,0.29757948798044487
179,0.21953276442271652,0.19095392067217298,0.21953276442271652,0.02240993648659287,0.21953276442271652,0.10458505311745826,0.21953276442271652,0.21953276442271652
180,0.14148604086498817,0.11290719711444465,0.14148604086498817,-0.055636787071135466,0.14148604086498817,0.02653832955972993,0.14148604086498817,0.14148604086498817
181,0.37464743630022257,0.36594723256100925,0.5122038261706449,0.9443632129288645,0.4142583799121885,0.60895368933795,0.7154880294040638,0.4108389560031277
182,0.607808831735457,0.6189872680075739,0.8829216114763015,1.0,0.6870307189593888,1.0,1.0,0.6801918711412672
183,0.5297621081777286,0.5409405444498455,0.8048748879185732,0.9219532764422717,0.6089839954016605,0.9219532764422717,0.9219532764422717,0.6021451475835389
184,0.45171538462000027,0.46289382089211717,0.7268281643608449,0.8439065528845433,0.5309372718439321,0.8439065528845433,0.8439065528845433,0.5240984240258105
185,0.3736686610622719,0.3848470973343888,0.6487814408031165,0.765859829326815,0.4528905482862038,0.765859829326815,0.765859829326815,0.4460517004680822
186,0.2956219375045436,0.3068003737766605,0.5707347172453882,0.6878131057690866,0.37484382472847544,0.6878131057690866,0.6878131057690866,0.36800497691035383
187,0.21757521394681523,0.22875365021893213,0.4926879936876598,0.6097663822113583,0.2967971011707471,0.6097663822113583,0.6097663822113583,0.2899582533526255
188,0.13952849038908688,0.15070692666120378,0.41464127012993146,0.5317196586536299,0.21875037761301874,0.5317196586536299,0.5317196586536299,0.21191152979489714
189,0.061481766831358545,0.07266020310347544,0.3365945465722031,0.45367293509590156,0.1407036540552904,0.45367293509590156,0.45367293509590156,0.1338648062371688
190,-0.01656495672636979,-0.005386520454252891,0.25854782301447476,0.3756262115381732,0.06265693049756206,0.3756262115381732,0.3756262115381732,0.05581808267944045
191,0.3394241355995474,0.9946134795457471,0.741008812382332,0.6286662469847378,0.2825076792954754,0.5342502569588232,0.7231613060747529,0.47528337315568436
192,0.6954132279254647,1.0,1.0,0.8817062824313024,0.5023584280933887,0.6928743023794732,1.0,0.8947486636319283
193,0.6173665043677363,0.9219532764422717,0.9219532764422717,0.8036595588735741,0.42431170453566036,0.6148275788217449,0.9219532764422717,0.8167019400741999
194,0.539319780810008,0.8439065528845433,0.8439065528845433,0.7256128353158458,0.346264980977932,0.5367808552640165,0.8439065528845433,0.7386552165164716
195,0.46127305725227963,0.765859829326815,0.765859829326815,0.6475661117581174,0.26821825742020367,0.4587341317062882,0.765859829326815,0.6606084929587432
196,0.3832263336945513,0.6878131057690866,0.6878131057690866,0.569519388200389,0.19017153386247532,0.38068740814855984,0.6878131057690866,0.5825617694010149
197,0.30517961013682293,0.6097663822113583,0.6097663822113583,0.4914726646426607,0.11212481030474698,0.3026406845908315,0.6097663822113583,0.5045150458432865
198,0.22713288657909458,0.5317196586536299,0.5317196586536299,0.41342594108493236,0.03407808674701865,0.22459396103310314,0.5317196586536299,0.4264683222855582
199,0.14908616302136624,0.45367293509590156,0.45367293509590156,0.335379217527204,-0.043968636810709685,0.1465472374753748,0.45367293509590156,0.34842159872782985
200,0.9180531541294735,0.6735236838938149,0.7846100317167123,0.6081515565744043,0.9560313631892903,0.5548231248639225,1.0,1.0
201,1.0,0.8933744326917282,1.0,0.8809238956216047,1.0,0.9630990122524702,1.0,1.0
202,0.9219532764422717,0.8153277091339999,0.9219532764422717,0.8028771720638763,0.9219532764422717,0.8850522886947418,0.9219532764422717,0.9219532764422717
203,0.8439065528845433,0.7372809855762715,0.8439065528845433,0.724830448506148,0.8439065528845433,0.8070055651370135,0.8439065528845433,0.8439065528845433
204,0.765859829326815,0.6592342620185432,0.765859829326815,0.6467837249484196,0.765859829326815,0.7289588415792851,0.765859829326815,0.765859829326815
205,0.6878131057690866,0.5811875384608148,0.6878131057690866,0.5687370013906913,0.6878131057690866,0.6509121180215568,0.6878131057690866,0.6878131057690866
206,0.6097663822113583,0.5031408149030865,0.6097663822113583,0.49069027783296293,0.6097663822113583,0.5728653944638284,0.6097663822113583,0.6097663822113583
207,0.5317196586536299,0.42509409134535814,0.5317196586536299,0.4126435542752346,0.5317196586536299,0.4948186709061001,0.5317196586536299,0.5317196586536299
208,0.45367293509590156,0.3470473677876298,0.45367293509590156,0.33459683071750623,0.45367293509590156,0.41677194734837175,0.45367293509590156,0.45367293509590156
209,0.3756262115381732,0.26900064422990144,0.3756262115381732,0.2565501071597779,0.3756262115381732,0.3387252237906434,0.3756262115381732,0.3756262115381732
210,0.29757948798044487,0.1909539206721731,0.29757948798044487,0.17850338360204954,0.29757948798044487,0.26067850023291506,0.29757948798044487,0.29757948798044487
211,0.21953276442271652,0.11290719711444476,0.21953276442271652,0.1004566600443212,0.21953276442271652,0.1826317766751867,0.21953276442271652,0.21953276442271652
212,0.14148604086498817,0.034860473556716426,0.14148604086498817,0.02240993648659287,0.14148604086498817,0.10458505311745837,0.14148604086498817,0.14148604086498817
213,0.06343931730725984,-0.04318625000101191,0.06343931730725984,-0.055636787071135466,0.06343931730725984,0.02653832955973004,0.06343931730725984,0.06343931730725984
214,0.2966007127424942,0.20985378544555272,0.4341571026129165,0.9443632129288645,0.33621165635446015,0.6089536893379501,0.6374413058463354,0.33279223244539935
215,0.5297621081777286,0.4628938208921173,0.8048748879185732,1.0,0.6089839954016605,1.0,1.0,0.6021451475835389
216,0.45171538462000027,0.38484709733438893,0.7268281643608449,0.9219532764422717,0.5309372718439321,0.9219532764422717,0.9219532764422717,0.5240984240258105
217,0.3736686610622719,0.3068003737766606,0.6487814408031165,0.8439065528845433,0.4528905482862038,0.8439065528845433,0.8439065528845433,0.4460517004680822
218,0.2956219375045436,0.22875365021893224,0.5707347172453882,0.765859829326815,0.37484382472847544,0.765859829326815,0.765859829326815,0.36800497691035383
219,0.21757521394681523,0.1507069266612039,0.4926879936876598,0.6878131057690866,0.2967971011707471,0.6878131057690866,0.6878131057690866,0.2899582533526255
220,0.13952849038908688,0.07266020310347555,0.41464127012993146,0.6097663822113583,0.21875037761301874,0.6097663822113583,0.6097663822113583,0.21191152979489714
221,0.061481766831358545,-0.00538652045425278,0.3365945465722031,0.5317196586536299,0.1407036540552904,0.5317196586536299,0.5317196586536299,0.1338648062371688
222,0.4174708591572757,0.9946134795457472,0.8190555359400603,0.7847596941001945,0.3605544028532037,0.6903437040742799,0.8792547531902096,0.5533300967134126
223,0.7734599514831929,1.0,1.0,1.0,0.5804051516511171,0.8489677494949299,1.0,0.9727953871896565
224,0.6954132279254646,0.9219532764422717,0.9219532764422717,0.9219532764422717,0.5023584280933887,0.7709210259372016,0.9219532764422717,0.8947486636319282
225,0.6173665043677362,0.8439065528845433,0.8439065528845433,0.8439065528845433,0.42431170453566036,0.6928743023794732,0.8439065528845433,0.8167019400741998
226,0.5393197808100079,0.765859829326815,0.765859829326815,0.765859829326815,0.346264980977932,0.6148275788217449,0.765859829326815,0.7386552165164715
227,0.4612730572522795,0.6878131057690866,0.6878131057690866,0.6878131057690866,0.26821825742020367,0.5367808552640165,0.6878131057690866,0.6606084929587431
228,0.38322633369455117,0.6097663822113583,0.6097663822113583,0.6097663822113583,0.19017153386247532,0.4587341317062882,0.6097663822113583,0.5825617694010148
229,0.3051796101368228,0.5317196586536299,0.5317196586536299,0.5317196586536299,0.11212481030474698,0.38068740814855984,0.5317196586536299,0.5045150458432864
230,0.22713288657909447,0.45367293509590156,0.45367293509590156,0.45367293509590156,0.03407808674701865,0.3026406845908315,0.45367293509590156,0.4264683222855581
231,0.14908616302136612,0.3756262115381732,0.3756262115381732,0.3756262115381732,-0.043968636810709685,0.22459396103310314,0.3756262115381732,0.34842159872782974
232,0.9180531541294734,0.5954769603360865,0.706563308158984,0.6483985505853735,0.9560313631892903,0.6328698484216507,0.9836021521601027,1.0
233,1.0,0.8153277091339999,1.0,0.9211708896325739,1.0,1.0,1.0,1.0
234,0.9219532764422717,0.7372809855762715,0.9219532764422717,0.8431241660748455,0.9219532764422717,0.9219532764422717,0.9219532764422717,0.9219532764422717
235,0.8439065528845433,0.6592342620185432,0.8439065528845433,0.7650774425171172,0.8439065528845433,0.8439065528845433,0.8439065528845433,0.8439065528845433
236,0.765859829326815,0.5811875384608148,0.765859829326815,0.6870307189593888,0.765859829326815,0.765859829326815,0.765859829326815,0.765859829326815
237,0.6878131057690866,0.5031408149030865,0.6878131057690866,0.6089839954016605,0.6878131057690866,0.6878131057690866,0.6878131057690866,0.6878131057690866
238,0.6097663822113583,0.42509409134535814,0.6097663822113583,0.5309372718439321,0.6097663822113583,0.6097663822113583,0.6097663822113583,0.6097663822113583
239,0.5317196586536299,0.3470473677876298,0.5317196586536299,0.4528905482862038,0.5317196586536299,0.5317196586536299,0.5317196586536299,0.5317196586536299
240,0.45367293509590156,0.26900064422990144,0.45367293509590156,0.37484382472847544,0.45367293509590156,0.45367293509590156,0.45367293509590156,0.45367293509590156
241,0.3756262115381732,0.1909539206721731,0.3756262115381732,0.2967971011707471,0.3756262115381732,0.3756262115381732,0.3756262115381732,0.3756262115381732
242,0.29757948798044487,0.11290719711444476,0.29757948798044487,0.21875037761301874,0.29757948798044487,0.29757948798044487,0.29757948798044487,0.29757948798044487
243,0.21953276442271652,0.034860473556716426,0.21953276442271652,0.1407036540552904,0.21953276442271652,0.21953276442271652,0.21953276442271652,0.21953276442271652
244,0.14148604086498817,-0.04318625000101191,0.14148604086498817,0.06265693049756206,0.14148604086498817,0.14148604086498817,0.14148604086498817,0.14148604086498817
245,0.4974751331909054,0.956813749998988,0.6239470302328454,0.31569696594412666,0.3613367896629015,0.3001100862856382,0.4890211354015678,0.5609513313412321
246,0.8534642255168227,1.0,1.0,0.5687370013906913,0.5811875384608148,0.4587341317062882,0.8365562299381474,0.980416621817476
247,0.7754175019590943,0.9219532764422717,0.9219532764422717,0.49069027783296293,0.5031408149030865,0.38068740814855984,0.758509506380419,0.9023698982597477
248,0.697370778401366,0.8439065528845433,0.8439065528845433,0.4126435542752346,0.42509409134535814,0.3026406845908315,0.6804627828226907,0.8243231747020193
249,0.6193240548436376,0.765859829326815,0.765859829326815,0.33459683071750623,0.3470473677876298,0.22459396103310314,0.6024160592649623,0.746276451144291
250,0.5412773312859093,0.6878131057690866,0.6878131057690866,0.2565501071597779,0.26900064422990144,0.1465472374753748,0.524369335707234,0.6682297275865626
251,0.4632306077281809,0.6097663822113583,0.6097663822113583,0.17850338360204954,0.1909539206721731,0.06850051391764646,0.44632261214950564,0.5901830040288343
252,0.3851838841704526,0.5317196586536299,0.5317196586536299,0.1004566600443212,0.11290719711444476,-0.009546209640081876,0.3682758885917773,0.5121362804711059
253,1.0,0.6903437040742799,0.8185206221448851,0.6828720198225413,0.5211830845029924,0.9904537903599181,0.8461497333916502,1.0
254,1.0,0.8489677494949299,1.0,1.0,0.9294589718915401,1.0,1.0,1.0
255,0.9219532764422717,0.7709210259372016,0.9219532764422717,0.9219532764422717,0.8514122483338118,0.9219532764422717,0.9219532764422717,0.9219532764422717
256,0.8439065528845433,0.6928743023794732,0.8439065528845433,0.8439065528845433,0.7733655247760834,0.8439065528845433,0.8439065528845433,0.8439065528845433
257,0.765859829326815,0.6148275788217449,0.765859829326815,0.765859829326815,0.6953188012183551,0.765859829326815,0.765859829326815,0.765859829326815
258,0.6878131057690866,0.5367808552640165,0.6878131057690866,0.6878131057690866,0.6172720776606268,0.6878131057690866,0.6878131057690866,0.6878131057690866
259,0.6097663822113583,0.4587341317062882,0.6097663822113583,0.6097663822113583,0.5392253541028984,0.6097663822113583,0.6097663822113583,0.6097663822113583
260,0.5317196586536299,0.38068740814855984,0.5317196586536299,0.5317196586536299,0.46117863054517005,0.5317196586536299,0.5317196586536299,0.5317196586536299
261,0.45367293509590156,0.3026406845908315,0.45367293509590156,0.45367293509590156,0.3831319069874417,0.45367293509590156,0.45367293509590156,0.45367293509590156
262,0.3756262115381732,0.22459396103310314,0.3756262115381732,0.3756262115381732,0.30508518342971336,0.3756262115381732,0.3756262115381732,0.3756262115381732
263,0.29757948798044487,0.1465472374753748,0.29757948798044487,0.29757948798044487,0.227038459871985,0.29757948798044487,0.29757948798044487,0.29757948798044487
264,0.21953276442271652,0.06850051391764646,0.21953276442271652,0.21953276442271652,0.14899173631425666,0.21953276442271652,0.21953276442271652,0.21953276442271652
265,0.14148604086498817,-0.009546209640081876,0.14148604086498817,0.14148604086498817,0.07094501275652833,0.14148604086498817,0.14148604086498817,0.14148604086498817
266,0.4974751331909054,0.9904537903599181,0.6239470302328454,0.3945260763115528,0.29079576155444165,0.3001100862856382,0.4890211354015678,0.5609513313412321
267,0.8534642255168227,1.0,1.0,0.6475661117581174,0.510646510352355,0.4587341317062882,0.8365562299381474,0.980416621817476
268,0.7754175019590943,0.9219532764422717,0.9219532764422717,0.569519388200389,0.43259978679462663,0.38068740814855984,0.758509506380419,0.9023698982597477
269,0.697370778401366,0.8439065528845433,0.8439065528845433,0.4914726646426607,0.3545530632368983,0.3026406845908315,0.6804627828226907,0.8243231747020193
270,0.6193240548436376,0.765859829326815,0.765859829326815,0.41342594108493236,0.27650633967916993,0.22459396103310314,0.6024160592649623,0.746276451144291
271,0.5412773312859093,0.6878131057690866,0.6878131057690866,0.335379217527204,0.19845961612144158,0.1465472374753748,0.524369335707234,0.6682297275865626
272,0.4632306077281809,0.6097663822113583,0.6097663822113583,0.25733249396947566,0.12041289256371325,0.06850051391764646,0.44632261214950564,0.5901830040288343
273,0.3851838841704526,0.5317196586536299,0.5317196586536299,0.17928577041174731,0.042366169005984916,-0.009546209640081876,0.3682758885917773,0.5121362804711059
274,1.0,0.6903437040742799,0.8185206221448851,0.7617011301899674,0.4506420563945326,0.9904537903599181,0.8461497333916502,1.0
275,1.0,0.8489677494949299,1.0,1.0,0.8589179437830802,1.0,1.0,1.0
276,0.9219532764422717,0.7709210259372016,0.9219532764422717,0.9219532764422717,0.7808712202253518,0.9219532764422717,0.9219532764422717,0.9219532764422717
277,0.8439065528845433,0.6928743023794732,0.8439065528845433,0.8439065528845433,0.7028244966676235,0.8439065528845433,0.8439065528845433,0.8439065528845433
278,0.765859829326815,0.6148275788217449,0.765859829326815,0.765859829326815,0.6247777731098951,0.765859829326815,0.765859829326815,0.765859829326815
279,0.6878131057690866,0.5367808552640165,0.6878131057690866,0.6878131057690866,0.5467310495521668,0.6878131057690866,0.6878131057690866,0.6878131057690866
280,0.6097663822113583,0.4587341317062882,0.6097663822113583,0.6097663822113583,0.46868432599443843,0.6097663822113583,0.6097663822113583,0.6097663822113583
281,0.5317196586536299,0.38068740814855984,0.5317196586536299,0.5317196586536299,0.3906376024367101,0.5317196586536299,0.5317196586536299,0.5317196586536299
282,0.45367293509590156,0.3026406845908315,0.45367293509590156,0.45367293509590156,0.31259087887898174,0.45367293509590156,0.45367293509590156,0.45367293509590156
283,0.3756262115381732,0.22459396103310314,0.3756262115381732,0.3756262115381732,0.2345441553212534,0.3756262115381732,0.3756262115381732,0.3756262115381732
284,0.29757948798044487,0.1465472374753748,0.29757948798044487,0.29757948798044487,0.15649743176352504,0.29757948798044487,0.29757948798044487,0.29757948798044487
285,0.21953276442271652,0.06850051391764646,0.21953276442271652,0.21953276442271652,0.07845070820579671,0.21953276442271652,0.21953276442271652,0.21953276442271652
286,0.14148604086498817,-0.009546209640081876,0.14148604086498817,0.14148604086498817,0.00040398464806837286,0.14148604086498817,0.14148604086498817,0.14148604086498817
287,0.4974751331909054,0.9904537903599181,0.6239470302328454,0.3945260763115528,0.22025473344598168,0.3001100862856382,0.4890211354015678,0.5609513313412321
288,0.8534642255168227,1.0,1.0,0.6475661117581174,0.440105482243895,0.4587341317062882,0.8365562299381474,0.980416621817476
289,0.7754175019590943,0.9219532764422717,0.9219532764422717,0.569519388200389,0.36205875868616666,0.38068740814855984,0.758509506380419,0.9023698982597477
290,0.697370778401366,0.8439065528845433,0.8439065528845433,0.4914726646426607,0.2840120351284383,0.3026406845908315,0.6804627828226907,0.8243231747020193
291,0.6193240548436376,0.765859829326815,0.765859829326815,0.41342594108493236,0.20596531157070996,0.22459396103310314,0.6024160592649623,0.746276451144291
292,0.5412773312859093,0.6878131057690866,0.6878131057690866,0.335379217527204,0.12791858801298162,0.1465472374753748,0.524369335707234,0.6682297275865626
293,0.4632306077281809,0.6097663822113583,0.6097663822113583,0.25733249396947566,0.04987186445525328,0.06850051391764646,0.44632261214950564,0.5901830040288343
294,0.3851838841704526,0.5317196586536299,0.5317196586536299,0.17928577041174731,-0.028174859102475053,-0.009546209640081876,0.3682758885917773,0.5121362804711059
295,1.0,0.7515704074515432,0.8626567552744407,0.45205810945894764,0.9718251408975249,0.3987296777484658,0.9762518292137067,1.0
296,1.0,0.9714211562494565,1.0,0.724830448506148,1.0,0.8070055651370135,1.0,1.0
297,0.9219532764422717,0.8933744326917281,0.9219532764422717,0.6467837249484196,0.9219532764422717,0.7289588415792851,0.9219532764422717,0.9219532764422717
298,0.8439065528845433,0.8153277091339998,0.8439065528845433,0.5687370013906913,0.8439065528845433,0.6509121180215568,0.8439065528845433,0.8439065528845433
299,0.765859829326815,0.7372809855762714,0.765859829326815,0.49069027783296293,0.765859829326815,0.5728653944638284,0.765859829326815,0.765859829326815
300,0.6878131057690866,0.6592342620185431,0.6878131057690866,0.4126435542752346,0.6878131057690866,0.4948186709061001,0.6878131057690866,0.6878131057690866
301,0.6097663822113583,0.5811875384608147,0.6097663822113583,0.33459683071750623,0.6097663822113583,0.41677194734837175,0.6097663822113583,0.6097663822113583
302,0.5317196586536299,0.5031408149030864,0.5317196586536299,0.2565501071597779,0.5317196586536299,0.3387252237906434,0.5317196586536299,0.5317196586536299
303,0.45367293509590156,0.425094091345358,0.45367293509590156,0.17850338360204954,0.45367293509590156,0.26067850023291506,0.45367293509590156,0.45367293509590156
304,0.3756262115381732,0.3470473677876297,0.3756262115381732,0.1004566600443212,0.3756262115381732,0.1826317766751867,0.3756262115381732,0.3756262115381732
305,0.29757948798044487,0.26900064422990133,0.29757948798044487,0.02240993648659287,0.29757948798044487,0.10458505311745837,0.29757948798044487,0.29757948798044487
306,0.21953276442271652,0.19095392067217298,0.21953276442271652,-0.055636787071135466,0.21953276442271652,0.02653832955973004,0.21953276442271652,0.21953276442271652
307,0.4526941598579509,0.4439939561187376,0.5902505497283732,0.9443632129288645,0.49230510346991685,0.6089536893379501,0.7935347529617921,0.48888567956085605
308,0.6858555552931853,0.6970339915653022,0.9609683350340298,1.0,0.7650774425171172,1.0,1.0,0.7582385946989956
309,0.607808831735457,0.6189872680075739,0.8829216114763014,0.9219532764422717,0.6870307189593888,0.9219532764422717,0.9219532764422717,0.6801918711412672
310,0.5297621081777286,0.5409405444498455,0.8048748879185731,0.8439065528845433,0.6089839954016605,0.8439065528845433,0.8439065528845433,0.6021451475835389
311,0.45171538462000027,0.46289382089211717,0.7268281643608447,0.765859829326815,0.5309372718439321,0.765859829326815,0.765859829326815,0.5240984240258105
312,0.3736686610622719,0.3848470973343888,0.6487814408031164,0.6878131057690866,0.4528905482862038,0.6878131057690866,0.6878131057690866,0.4460517004680822
313,0.2956219375045436,0.3068003737766605,0.570734717245388,0.6097663822113583,0.37484382472847544,0.6097663822113583,0.6097663822113583,0.36800497691035383
314,0.21757521394681523,0.22875365021893213,0.4926879936876597,0.5317196586536299,0.2967971011707471,0.5317196586536299,0.5317196586536299,0.2899582533526255
315,0.13952849038908688,0.15070692666120378,0.41464127012993135,0.45367293509590156,0.21875037761301874,0.45367293509590156,0.45367293509590156,0.21191152979489714
316,0.061481766831358545,0.07266020310347544,0.336594546572203,0.3756262115381732,0.1407036540552904,0.3756262115381732,0.3756262115381732,0.1338648062371688
317,-0.01656495672636979,-0.005386520454252891,0.25854782301447465,0.29757948798044487,0.06265693049756206,0.29757948798044487,0.29757948798044487,0.05581808267944045
318,0.9834350432736302,0.3506025718716643,0.64713523886448,0.5307408834156793,0.8316239216056693,0.9675763452310943,0.6196230184401398,0.3882993391333862
319,1.0,0.7065916641975815,1.0,0.7639022788509137,1.0,1.0,0.9416665488998347,0.720780595587332
320,0.9219532764422717,0.6285449406398531,0.9219532764422717,0.6858555552931853,0.9219532764422717,0.9219532764422717,0.8636198253421064,0.6427338720296036
321,0.8439065528845433,0.5504982170821248,0.8439065528845433,0.607808831735457,0.8439065528845433,0.8439065528845433,0.785573101784378,0.5646871484718753
322,0.765859829326815,0.4724514935243964,0.765859829326815,0.5297621081777286,0.765859829326815,0.765859829326815,0.7075263782266497,0.48664042491414694
323,0.6878131057690866,0.39440476996666807,0.6878131057690866,0.45171538462000027,0.6878131057690866,0.6878131057690866,0.6294796546689213,0.4085937013564186
324,0.6097663822113583,0.3163580464089397,0.6097663822113583,0.3736686610622719,0.6097663822113583,0.6097663822113583,0.551432931111193,0.33054697779869024
325,0.5317196586536299,0.23831132285121137,0.5317196586536299,0.2956219375045436,0.5317196586536299,0.5317196586536299,0.4733862075534646,0.2525002542409619
326,0.45367293509590156,0.16026459929348302,0.45367293509590156,0.21757521394681523,0.45367293509590156,0.45367293509590156,0.39533948399573626,0.17445353068323355
327,0.3756262115381732,0.08221787573575469,0.3756262115381732,0.13952849038908688,0.3756262115381732,0.3756262115381732,0.3172927604380079,0.09640680712550521
328,0.29757948798044487,0.004171152178026355,0.29757948798044487,0.061481766831358545,0.29757948798044487,0.29757948798044487,0.23924603688027957,0.01836008356777688
329,0.21953276442271652,-0.07387557137970198,0.21953276442271652,-0.01656495672636979,0.21953276442271652,0.21953276442271652,0.16119931332255122,-0.059686639989951454
330,0.5520140208766623,0.3455897190965419,0.4164140034182712,0.2527879584117697,0.999493736757091,1.0,0.25679620976796075,0.9403133600100485
331,0.8844952773306081,0.7650550095727858,0.6132952424138258,0.5221408735499092,1.0,1.0,0.3523931062133703,1.0
332,0.8064485537728797,0.6870082860150575,0.5352485188560975,0.4440941499921809,0.9219532764422717,0.9219532764422717,0.27434638265564193,0.9219532764422717
333,0.7284018302151514,0.6089615624573291,0.45720179529836913,0.36604742643445254,0.8439065528845433,0.8439065528845433,0.19629965909791358,0.8439065528845433
334,0.650355106657423,0.5309148388996008,0.3791550717406408,0.2880007028767242,0.765859829326815,0.765859829326815,0.11825293554018525,0.765859829326815
335,0.5723083830996947,0.45286811534187243,0.30110834818291243,0.20995397931899584,0.6878131057690866,0.6878131057690866,0.04020621198245691,0.6878131057690866
336,0.4942616595419663,0.3748213917841441,0.22306162462518409,0.1319072557612675,0.6097663822113583,0.6097663822113583,-0.03784051157527142,0.6097663822113583
337,0.8163051900016612,0.7223564863207238,0.45853000247562303,0.7059092443003431,1.0,1.0,0.9621594884247285,0.7053632786567677
338,1.0,1.0,0.693998380326062,1.0,1.0,1.0,1.0,0.8009601751021772
339,0.9219532764422717,0.9219532764422717,0.6159516567683336,0.9219532764422717,0.9219532764422717,0.9219532764422717,0.9219532764422717,0.7229134515444489
340,0.8439065528845433,0.8439065528845433,0.5379049332106053,0.8439065528845433,0.8439065528845433,0.8439065528845433,0.8439065528845433,0.6448667279867205
341,0.765859829326815,0.765859829326815,0.45985820965287694,0.765859829326815,0.765859829326815,0.765859829326815,0.765859829326815,0.5668200044289922
342,0.6878131057690866,0.6878131057690866,0.3818114860951486,0.6878131057690866,0.6878131057690866,0.6878131057690866,0.6878131057690866,0.4887732808712638
343,0.6097663822113583,0.6097663822113583,0.30376476253742024,0.6097663822113583,0.6097663822113583,0.6097663822113583,0.6097663822113583,0.41072655731353547
344,0.5317196586536299,0.5317196586536299,0.2257180389796919,0.5317196586536299,0.5317196586536299,0.5317196586536299,0.5317196586536299,0.3326798337558071
345,0.45367293509590156,0.45367293509590156,0.14767131542196354,0.45367293509590156,0.45367293509590156,0.45367293509590156,0.45367293509590156,0.25463311019807877
346,0.3756262115381732,0.3756262115381732,0.06962459186423521,0.3756262115381732,0.3756262115381732,0.3756262115381732,0.3756262115381732,0.17658638664035042
347,0.29757948798044487,0.29757948798044487,-0.008422131693493123,0.29757948798044487,0.29757948798044487,0.29757948798044487,0.29757948798044487,0.09853966308262209
348,0.6861669038304502,0.7800404773483021,0.9915778683065068,0.6682972732861016,0.6285165846012556,0.5843804514717,0.5330478658308838,0.29542090207817673
349,1.0,1.0,1.0,1.0,0.9594536812220663,0.8711814149629552,0.7685162436813228,0.4923021410737314
350,0.9219532764422717,0.9219532764422717,0.9219532764422717,0.9219532764422717,0.881406957664338,0.7931346914052269,0.6904695201235944,0.41425541751600303
351,0.8439065528845433,0.8439065528845433,0.8439065528845433,0.8439065528845433,0.8033602341066096,0.7150879678474985,0.6124227965658661,0.3362086939582747
352,0.765859829326815,0.765859829326815,0.765859829326815,0.765859829326815,0.7253135105488813,0.6370412442897702,0.5343760730081377,0.25816197040054634
353,0.6878131057690866,0.6878131057690866,0.6878131057690866,0.6878131057690866,0.6472667869911529,0.5589945207320418,0.45632934945040937,0.180115246842818
354,0.6097663822113583,0.6097663822113583,0.6097663822113583,0.6097663822113583,0.5692200634334246,0.48094779717431346,0.378282625892681,0.10206852328508965
355,0.5317196586536299,0.5317196586536299,0.5317196586536299,0.5317196586536299,0.4911733398756962,0.4029010736165851,0.3002359023349527,0.02402179972736132
356,0.45367293509590156,0.45367293509590156,0.45367293509590156,0.45367293509590156,0.4131266163179679,0.32485435005885677,0.22218917877722433,-0.054024923830367014
357,0.7861541915498473,0.8731382255721455,0.6505541740914562,0.7230258502340411,1.0,1.0,0.31778607522263386,0.945975076169633
358,1.0,1.0,0.8474354130870109,0.9923787653721806,1.0,1.0,0.4133829716680434,1.0
359,0.9219532764422717,0.9219532764422717,0.7693886895292825,0.9143320418144523,0.9219532764422717,0.9219532764422717,0.33533624811031504,0.9219532764422717
360,0.8439065528845433,0.8439065528845433,0.6913419659715542,0.8362853182567239,0.8439065528845433,0.8439065528845433,0.2572895245525867,0.8439065528845433
361,0.765859829326815,0.765859829326815,0.6132952424138258,0.7582385946989956,0.765859829326815,0.765859829326815,0.17924280099485834,0.765859829326815
362,0.6878131057690866,0.6878131057690866,0.5352485188560975,0.6801918711412672,0.6878131057690866,0.6878131057690866,0.10119607743713001,0.6878131057690866
363,0.6097663822113583,0.6097663822113583,0.45720179529836913,0.6021451475835389,0.6097663822113583,0.6097663822113583,0.023149353879401674,0.6097663822113583
364,0.5317196586536299,0.5317196586536299,0.3791550717406408,0.5240984240258105,0.5317196586536299,0.5317196586536299,-0.05489736967832666,0.5317196586536299
365,0.8537631891133248,0.8792547531902096,0.6146234495910797,1.0,1.0,1.0,0.9451026303216733,0.6273165550990395
366,1.0,1.0,0.8500918274415187,1.0,1.0,1.0,1.0,0.722913451544449
367,0.9219532764422717,0.9219532764422717,0.7720451038837903,0.9219532764422717,0.9219532764422717,0.9219532764422717,0.9219532764422717,0.6448667279867206
368,0.8439065528845433,0.8439065528845433,0.693998380326062,0.8439065528845433,0.8439065528845433,0.8439065528845433,0.8439065528845433,0.5668200044289923
369,0.765859829326815,0.765859829326815,0.6159516567683336,0.765859829326815,0.765859829326815,0.765859829326815,0.765859829326815,0.4887732808712639
370,0.6878131057690866,0.6878131057690866,0.5379049332106053,0.6878131057690866,0.6878131057690866,0.6878131057690866,0.6878131057690866,0.4107265573135356
371,0.6097663822113583,0.6097663822113583,0.45985820965287694,0.6097663822113583,0.6097663822113583,0.6097663822113583,0.6097663822113583,0.33267983375580723
372,0.5317196586536299,0.5317196586536299,0.3818114860951486,0.5317196586536299,0.5317196586536299,0.5317196586536299,0.5317196586536299,0.2546331101980789
373,0.45367293509590156,0.45367293509590156,0.30376476253742024,0.45367293509590156,0.45367293509590156,0.45367293509590156,0.45367293509590156,0.17658638664035053
374,0.3756262115381732,0.3756262115381732,0.2257180389796919,0.3756262115381732,0.3756262115381732,0.3756262115381732,0.3756262115381732,0.0985396630826222
375,0.29757948798044487,0.29757948798044487,0.14767131542196354,0.29757948798044487,0.29757948798044487,0.29757948798044487,0.29757948798044487,0.020492939524893866
376,0.21953276442271652,0.21953276442271652,0.06962459186423521,0.21953276442271652,0.21953276442271652,0.21953276442271652,0.21953276442271652,-0.05755378403283447
377,0.5520140208766623,0.6389980548989603,0.26650583085978985,0.48888567956085605,0.999493736757091,1.0,0.31512966086812605,0.9424462159671655
378,0.8844952773306081,1.0,0.4633870698553445,0.7582385946989956,1.0,1.0,0.4107265573135356,1.0
379,0.8064485537728797,0.9219532764422717,0.38534034629761615,0.6801918711412672,0.9219532764422717,0.9219532764422717,0.33267983375580723,0.9219532764422717
380,0.7284018302151514,0.8439065528845433,0.3072936227398878,0.6021451475835389,0.8439065528845433,0.8439065528845433,0.2546331101980789,0.8439065528845433
381,0.650355106657423,0.765859829326815,0.22924689918215946,0.5240984240258105,0.765859829326815,0.765859829326815,0.17658638664035053,0.765859829326815
382,0.5723083830996947,0.6878131057690866,0.1512001756244311,0.4460517004680822,0.6878131057690866,0.6878131057690866,0.0985396630826222,0.6878131057690866
383,0.4942616595419663,0.6097663822113583,0.07315345206670278,0.36800497691035383,0.6097663822113583,0.6097663822113583,0.020492939524893866,0.6097663822113583
384,0.416214935984238,0.5317196586536299,-0.004893271491025558,0.2899582533526255,0.5317196586536299,0.5317196586536299,-0.05755378403283447,0.5317196586536299
385,0.7382584664439329,0.8792547531902096,0.23057510635941336,0.8639602418917011,1.0,1.0,0.9424462159671655,0.6273165550990395
386,1.0,1.0,0.4660434842098523,1.0,1.0,1.0,1.0,0.722913451544449
387,0.9219532764422717,0.9219532764422717,0.38799676065212396,0.9219532764422717,0.9219532764422717,0.9219532764422717,0.9219532764422717,0.6448667279867206
388,0.8439065528845433,0.8439065528845433,0.3099500370943956,0.8439065528845433,0.8439065528845433,0.8439065528845433,0.8439065528845433,0.5668200044289923
389,0.765859829326815,0.765859829326815,0.23190331353666727,0.765859829326815,0.765859829326815,0.765859829326815,0.765859829326815,0.4887732808712639
390,0.6878131057690866,0.6878131057690866,0.15385658997893892,0.6878131057690866,0.6878131057690866,0.6878131057690866,0.6878131057690866,0.4107265573135356
391,0.6097663822113583,0.6097663822113583,0.07580986642121058,0.6097663822113583,0.6097663822113583,0.6097663822113583,0.6097663822113583,0.33267983375580723
392,0.5317196586536299,0.5317196586536299,-0.0022368571365177503,0.5317196586536299,0.5317196586536299,0.5317196586536299,0.5317196586536299,0.2546331101980789
393,0.9203070745036352,1.0,0.9977631428634822,0.9024374439592866,0.8626567552744407,0.8185206221448851,0.7671880365040689,0.45151434919363354
394,1.0,1.0,1.0,1.0,1.0,1.0,1.0,0.6483955881891882
395,0.9219532764422717,0.9219532764422717,0.9219532764422717,0.9219532764422717,0.9219532764422717,0.9219532764422717,0.9219532764422717,0.5703488646314598
396,0.8439065528845433,0.8439065528845433,0.8439065528845433,0.8439065528845433,0.8439065528845433,0.8439065528845433,0.8439065528845433,0.4923021410737315
397,0.765859829326815,0.765859829326815,0.765859829326815,0.765859829326815,0.765859829326815,0.765859829326815,0.765859829326815,0.41425541751600314
398,0.6878131057690866,0.6878131057690866,0.6878131057690866,0.6878131057690866,0.6878131057690866,0.6878131057690866,0.6878131057690866,0.3362086939582748
399,0.6097663822113583,0.6097663822113583,0.6097663822113583,0.6097663822113583,0.6097663822113583,0.6097663822113583,0.6097663822113583,0.25816197040054645
400,0.5317196586536299,0.5317196586536299,0.5317196586536299,0.5317196586536299,0.5317196586536299,0.5317196586536299,0.5317196586536299,0.1801152468428181
401,0.45367293509590156,0.45367293509590156,0.45367293509590156,0.45367293509590156,0.45367293509590156,0.45367293509590156,0.45367293509590156,0.10206852328508977
402,0.3756262115381732,0.3756262115381732,0.3756262115381732,0.3756262115381732,0.3756262115381732,0.3756262115381732,0.3756262115381732,0.02402179972736143
403,0.29757948798044487,0.29757948798044487,0.29757948798044487,0.29757948798044487,0.29757948798044487,0.29757948798044487,0.29757948798044487,-0.0540249238303669
404,0.6300607444343906,0.7170447784566888,0.4944607269759995,0.5669324031185844,1.0,1.0,0.3931763844258544,0.9459750761696331
405,0.9625420008883364,1.0,0.6913419659715542,0.8362853182567239,1.0,1.0,0.4887732808712639,1.0
406,0.8844952773306081,0.9219532764422717,0.6132952424138258,0.7582385946989956,0.9219532764422717,0.9219532764422717,0.4107265573135356,0.9219532764422717
407,0.8064485537728797,0.8439065528845433,0.5352485188560975,0.6801918711412672,0.8439065528845433,0.8439065528845433,0.33267983375580723,0.8439065528845433
408,0.7284018302151514,0.765859829326815,0.45720179529836913,0.6021451475835389,0.765859829326815,0.765859829326815,0.2546331101980789,0.765859829326815
409,0.650355106657423,0.6878131057690866,0.3791550717406408,0.5240984240258105,0.6878131057690866,0.6878131057690866,0.17658638664035053,0.6878131057690866
410,0.5723083830996947,0.6097663822113583,0.30110834818291243,0.4460517004680822,0.6097663822113583,0.6097663822113583,0.0985396630826222,0.6097663822113583
411,0.4942616595419663,0.5317196586536299,0.22306162462518409,0.36800497691035383,0.5317196586536299,0.5317196586536299,0.020492939524893866,0.5317196586536299
412,0.416214935984238,0.45367293509590156,0.14501490106745574,0.2899582533526255,0.45367293509590156,0.45367293509590156,-0.05755378403283447,0.45367293509590156
413,0.7382584664439329,0.8012080296324812,0.3804832789178947,0.8639602418917011,1.0,0.9315467798957745,0.9424462159671655,0.549269831541311
414,1.0,1.0,0.6159516567683336,1.0,1.0,1.0,1.0,0.6448667279867205
415,0.9219532764422717,0.9219532764422717,0.5379049332106053,0.9219532764422717,0.9219532764422717,0.9219532764422717,0.9219532764422717,0.5668200044289922
416,0.8439065528845433,0.8439065528845433,0.45985820965287694,0.8439065528845433,0.8439065528845433,0.8439065528845433,0.8439065528845433,0.4887732808712638
417,0.765859829326815,0.765859829326815,0.3818114860951486,0.765859829326815,0.765859829326815,0.765859829326815,0.765859829326815,0.41072655731353547
418,0.6878131057690866,0.6878131057690866,0.30376476253742024,0.6878131057690866,0.6878131057690866,0.6878131057690866,0.6878131057690866,0.3326798337558071
419,0.6097663822113583,0.6097663822113583,0.2257180389796919,0.6097663822113583,0.6097663822113583,0.6097663822113583,0.6097663822113583,0.25463311019807877
420,0.5317196586536299,0.5317196586536299,0.14767131542196354,0.5317196586536299,0.5317196586536299,0.5317196586536299,0.5317196586536299,0.17658638664035042
421,0.45367293509590156,0.45367293509590156,0.06962459186423521,0.45367293509590156,0.45367293509590156,0.45367293509590156,0.45367293509590156,0.09853966308262209
422,0.3756262115381732,0.3756262115381732,-0.008422131693493123,0.3756262115381732,0.3756262115381732,0.3756262115381732,0.3756262115381732,0.020492939524893755
423,0.7642136273881786,0.8580872009060304,0.9915778683065068,0.7463439968438299,0.706563308158984,0.6624271750294284,0.6110945893886122,0.21737417852044838
424,1.0,1.0,1.0,1.0,1.0,0.9492281385206837,0.8465629672390511,0.41425541751600303
425,0.9219532764422717,0.9219532764422717,0.9219532764422717,0.9219532764422717,0.9219532764422717,0.8711814149629553,0.7685162436813228,0.3362086939582747
426,0.8439065528845433,0.8439065528845433,0.8439065528845433,0.8439065528845433,0.8439065528845433,0.793134691405227,0.6904695201235944,0.25816197040054634
427,0.765859829326815,0.765859829326815,0.765859829326815,0.765859829326815,0.765859829326815,0.7150879678474986,0.6124227965658661,0.180115246842818
428,0.6878131057690866,0.6878131057690866,0.6878131057690866,0.6878131057690866,0.6878131057690866,0.6370412442897703,0.5343760730081377,0.10206852328508965
429,0.6097663822113583,0.6097663822113583,0.6097663822113583,0.6097663822113583,0.6097663822113583,0.5589945207320419,0.45632934945040937,0.02402179972736132
430,0.5317196586536299,0.5317196586536299,0.5317196586536299,0.5317196586536299,0.5317196586536299,0.4809477971743136,0.378282625892681,-0.054024923830367014
431,0.8642009151075757,0.9511849491298737,0.7286008976491846,0.8010725737917694,1.0,1.0,0.4738795223380906,0.945975076169633
432,1.0,1.0,0.9254821366447393,1.0,1.0,1.0,0.5694764187835001,1.0
433,0.9219532764422717,0.9219532764422717,0.847435413087011,0.9219532764422717,0.9219532764422717,0.9219532764422717,0.49142969522577173,0.9219532764422717
434,0.8439065528845433,0.8439065528845433,0.7693886895292826,0.8439065528845433,0.8439065528845433,0.8439065528845433,0.4133829716680434,0.8439065528845433
435,0.765859829326815,0.765859829326815,0.6913419659715543,0.765859829326815,0.765859829326815,0.765859829326815,0.33533624811031504,0.765859829326815
436,0.6878131057690866,0.6878131057690866,0.6132952424138259,0.6878131057690866,0.6878131057690866,0.6878131057690866,0.2572895245525867,0.6878131057690866
437,0.6097663822113583,0.6097663822113583,0.5352485188560976,0.6097663822113583,0.6097663822113583,0.6097663822113583,0.17924280099485834,0.6097663822113583
438,0.5317196586536299,0.5317196586536299,0.45720179529836924,0.5317196586536299,0.5317196586536299,0.5317196586536299,0.10119607743713001,0.5317196586536299
439,0.45367293509590156,0.45367293509590156,0.3791550717406409,0.45367293509590156,0.45367293509590156,0.45367293509590156,0.023149353879401674,0.45367293509590156
440,0.3756262115381732,0.3756262115381732,0.30110834818291254,0.3756262115381732,0.3756262115381732,0.3756262115381732,-0.05489736967832666,0.3756262115381732
441,0.6976697419978681,0.7231613060747529,0.5365767260333515,0.9496282000772488,0.9836021521601027,0.8535000563380462,0.9451026303216733,0.4712231079835828
442,1.0,1.0,0.7720451038837904,1.0,1.0,1.0,1.0,0.5668200044289923
443,0.9219532764422717,0.9219532764422717,0.6939983803260621,0.9219532764422717,0.9219532764422717,0.9219532764422717,0.9219532764422717,0.4887732808712639
444,0.8439065528845433,0.8439065528845433,0.6159516567683337,0.8439065528845433,0.8439065528845433,0.8439065528845433,0.8439065528845433,0.4107265573135356
445,0.765859829326815,0.765859829326815,0.5379049332106054,0.765859829326815,0.765859829326815,0.765859829326815,0.765859829326815,0.33267983375580723
446,0.6878131057690866,0.6878131057690866,0.45985820965287705,0.6878131057690866,0.6878131057690866,0.6878131057690866,0.6878131057690866,0.2546331101980789
447,0.6097663822113583,0.6097663822113583,0.3818114860951487,0.6097663822113583,0.6097663822113583,0.6097663822113583,0.6097663822113583,0.17658638664035053
448,0.5317196586536299,0.5317196586536299,0.30376476253742035,0.5317196586536299,0.5317196586536299,0.5317196586536299,0.5317196586536299,0.0985396630826222
449,0.45367293509590156,0.45367293509590156,0.225718038979692,0.45367293509590156,0.45367293509590156,0.45367293509590156,0.45367293509590156,0.020492939524893866
450,0.3756262115381732,0.3756262115381732,0.14767131542196366,0.3756262115381732,0.3756262115381732,0.3756262115381732,0.3756262115381732,-0.05755378403283447
451,0.708107467992119,0.795091502014417,0.3445525544175183,0.6449791266763127,1.0,1.0,0.4712231079835828,0.9424462159671655
452,1.0,1.0,0.541433793413073,0.9143320418144523,1.0,1.0,0.5668200044289923,1.0
453,0.9219532764422717,0.9219532764422717,0.4633870698553446,0.8362853182567239,0.9219532764422717,0.9219532764422717,0.4887732808712639,0.9219532764422717
454,0.8439065528845433,0.8439065528845433,0.38534034629761627,0.7582385946989956,0.8439065528845433,0.8439065528845433,0.4107265573135356,0.8439065528845433
455,0.765859829326815,0.765859829326815,0.3072936227398879,0.6801918711412672,0.765859829326815,0.765859829326815,0.33267983375580723,0.765859829326815
456,0.6878131057690866,0.6878131057690866,0.22924689918215957,0.6021451475835389,0.6878131057690866,0.6878131057690866,0.2546331101980789,0.6878131057690866
457,0.6097663822113583,0.6097663822113583,0.15120017562443122,0.5240984240258105,0.6097663822113583,0.6097663822113583,0.17658638664035053,0.6097663822113583
458,0.5317196586536299,0.5317196586536299,0.07315345206670289,0.4460517004680822,0.5317196586536299,0.5317196586536299,0.0985396630826222,0.5317196586536299
459,0.45367293509590156,0.45367293509590156,-0.004893271491025447,0.36800497691035383,0.45367293509590156,0.45367293509590156,0.020492939524893866,0.45367293509590156
460,0.8422603509459069,0.9361339244637589,0.9951067285089745,0.7387227622160105,0.7846100317167123,0.7404738985871567,0.2559613173753328,0.6505541740914562
461,1.0,1.0,1.0,1.0,1.0,1.0,0.49142969522577173,0.8474354130870109
462,0.9219532764422717,0.9219532764422717,0.9219532764422717,0.9219532764422717,0.9219532764422717,0.9219532764422717,0.4133829716680434,0.7693886895292825
463,0.8439065528845433,0.8439065528845433,0.8439065528845433,0.8439065528845433,0.8439065528845433,0.8439065528845433,0.33533624811031504,0.6913419659715542
464,0.765859829326815,0.765859829326815,0.765859829326815,0.765859829326815,0.765859829326815,0.765859829326815,0.2572895245525867,0.6132952424138258
465,0.6878131057690866,0.6878131057690866,0.6878131057690866,0.6878131057690866,0.6878131057690866,0.6878131057690866,0.17924280099485834,0.5352485188560975
466,0.6097663822113583,0.6097663822113583,0.6097663822113583,0.6097663822113583,0.6097663822113583,0.6097663822113583,0.10119607743713001,0.45720179529836913
467,0.5317196586536299,0.5317196586536299,0.5317196586536299,0.5317196586536299,0.5317196586536299,0.5317196586536299,0.023149353879401674,0.3791550717406408
468,0.45367293509590156,0.45367293509590156,0.45367293509590156,0.45367293509590156,0.45367293509590156,0.45367293509590156,-0.05489736967832666,0.30110834818291243
469,0.7757164655555965,0.8012080296324812,0.6891413129463405,1.0,1.0,0.9315467798957745,0.9451026303216733,0.39670524462832196
470,1.0,1.0,0.9246096907967795,1.0,1.0,1.0,1.0,0.4923021410737315
471,0.9219532764422717,0.9219532764422717,0.8465629672390511,0.9219532764422717,0.9219532764422717,0.9219532764422717,0.9219532764422717,0.41425541751600314
472,0.8439065528845433,0.8439065528845433,0.7685162436813228,0.8439065528845433,0.8439065528845433,0.8439065528845433,0.8439065528845433,0.3362086939582748
473,0.765859829326815,0.765859829326815,0.6904695201235944,0.765859829326815,0.765859829326815,0.765859829326815,0.765859829326815,0.25816197040054645
474,0.6878131057690866,0.6878131057690866,0.6124227965658661,0.6878131057690866,0.6878131057690866,0.6878131057690866,0.6878131057690866,0.1801152468428181
475,0.6097663822113583,0.6097663822113583,0.5343760730081377,0.6097663822113583,0.6097663822113583,0.6097663822113583,0.6097663822113583,0.10206852328508977
476,0.5317196586536299,0.5317196586536299,0.45632934945040937,0.5317196586536299,0.5317196586536299,0.5317196586536299,0.5317196586536299,0.02402179972736143
477,0.45367293509590156,0.45367293509590156,0.378282625892681,0.45367293509590156,0.45367293509590156,0.45367293509590156,0.45367293509590156,-0.0540249238303669
478,0.7861541915498473,0.8731382255721455,0.5751638648882357,0.7230258502340411,1.0,1.0,0.549269831541311,0.9459750761696331
479,1.0,1.0,0.7720451038837903,0.9923787653721806,1.0,1.0,0.6448667279867205,1.0
480,0.9219532764422717,0.9219532764422717,0.693998380326062,0.9143320418144523,0.9219532764422717,0.9219532764422717,0.5668200044289922,0.9219532764422717
481,0.8439065528845433,0.8439065528845433,0.6159516567683336,0.8362853182567239,0.8439065528845433,0.8439065528845433,0.4887732808712638,0.8439065528845433
482,0.765859829326815,0.765859829326815,0.5379049332106053,0.7582385946989956,0.765859829326815,0.765859829326815,0.41072655731353547,0.765859829326815
483,0.6878131057690866,0.6878131057690866,0.45985820965287694,0.6801918711412672,0.6878131057690866,0.6878131057690866,0.3326798337558071,0.6878131057690866
484,0.6097663822113583,0.6097663822113583,0.3818114860951486,0.6021451475835389,0.6097663822113583,0.6097663822113583,0.25463311019807877,0.6097663822113583
485,0.5317196586536299,0.5317196586536299,0.30376476253742024,0.5240984240258105,0.5317196586536299,0.5317196586536299,0.17658638664035042,0.5317196586536299
486,0.45367293509590156,0.45367293509590156,0.2257180389796919,0.4460517004680822,0.45367293509590156,0.45367293509590156,0.09853966308262209,0.45367293509590156
487,0.3756262115381732,0.3756262115381732,0.14767131542196354,0.36800497691035383,0.3756262115381732,0.3756262115381732,0.020492939524893755,0.3756262115381732
488,0.29757948798044487,0.29757948798044487,0.06962459186423521,0.2899582533526255,0.29757948798044487,0.29757948798044487,-0.05755378403283458,0.29757948798044487
489,0.6196230184401398,0.6451145825170245,0.30509296971467414,0.8639602418917011,0.9055554286023744,0.7754533327803178,0.9424462159671654,0.3931763844258544
490,0.9416665488998347,0.9926496770536041,0.5405613475651131,1.0,1.0,1.0,1.0,0.4887732808712639
491,0.8636198253421064,0.9146029534958757,0.46251462400738474,0.9219532764422717,0.9219532764422717,0.9219532764422717,0.9219532764422717,0.4107265573135356
492,0.785573101784378,0.8365562299381474,0.3844679004496564,0.8439065528845433,0.8439065528845433,0.8439065528845433,0.8439065528845433,0.33267983375580723
493,0.7075263782266497,0.758509506380419,0.30642117689192805,0.765859829326815,0.765859829326815,0.765859829326815,0.765859829326815,0.2546331101980789
494,0.6294796546689213,0.6804627828226907,0.2283744533341997,0.6878131057690866,0.6878131057690866,0.6878131057690866,0.6878131057690866,0.17658638664035053
495,0.551432931111193,0.6024160592649623,0.15032772977647135,0.6097663822113583,0.6097663822113583,0.6097663822113583,0.6097663822113583,0.0985396630826222
496,0.4733862075534646,0.524369335707234,0.07228100621874302,0.5317196586536299,0.5317196586536299,0.5317196586536299,0.5317196586536299,0.020492939524893866
497,0.39533948399573626,0.44632261214950564,-0.005765717338985316,0.45367293509590156,0.45367293509590156,0.45367293509590156,0.45367293509590156,-0.05755378403283447
498,0.727820740449682,0.8657879026257495,0.1911155216565693,0.7230258502340411,1.0,1.0,0.549269831541311,0.9424462159671655
499,1.0,1.0,0.38799676065212396,0.9923787653721806,1.0,1.0,0.6448667279867205,1.0
500,0.9219532764422717,0.9219532764422717,0.3099500370943956,0.9143320418144523,0.9219532764422717,0.9219532764422717,0.5668200044289922,0.9219532764422717
501,0.8439065528845433,0.8439065528845433,0.23190331353666727,0.8362853182567239,0.8439065528845433,0.8439065528845433,0.4887732808712638,0.8439065528845433
502,0.765859829326815,0.765859829326815,0.15385658997893892,0.7582385946989956,0.765859829326815,0.765859829326815,0.41072655731353547,0.765859829326815
503,0.6878131057690866,0.6878131057690866,0.07580986642121058,0.6801918711412672,0.6878131057690866,0.6878131057690866,0.3326798337558071,0.6878131057690866
504,0.6097663822113583,0.6097663822113583,-0.0022368571365177503,0.6021451475835389,0.6097663822113583,0.6097663822113583,0.25463311019807877,0.6097663822113583
505,0.9983537980613636,1.0,0.9977631428634822,0.9728629328891955,0.940703478832169,0.8965673457026134,0.4901014880485177,0.8066476212069129
506,1.0,1.0,1.0,1.0,1.0,1.0,0.7255698658989567,1.0
507,0.9219532764422717,0.9219532764422717,0.9219532764422717,0.9219532764422717,0.9219532764422717,0.9219532764422717,0.6475231423412283,0.9219532764422717
508,0.8439065528845433,0.8439065528845433,0.8439065528845433,0.8439065528845433,0.8439065528845433,0.8439065528845433,0.5694764187835,0.8439065528845433
509,0.765859829326815,0.765859829326815,0.765859829326815,0.765859829326815,0.765859829326815,0.765859829326815,0.4914296952257716,0.765859829326815
510,0.6878131057690866,0.6878131057690866,0.6878131057690866,0.6878131057690866,0.6878131057690866,0.6878131057690866,0.4133829716680433,0.6878131057690866
511,0.6097663822113583,0.6097663822113583,0.6097663822113583,0.6097663822113583,0.6097663822113583,0.6097663822113583,0.3353362481103149,0.6097663822113583
512,0.5317196586536299,0.5317196586536299,0.5317196586536299,0.5317196586536299,0.5317196586536299,0.5317196586536299,0.2572895245525866,0.5317196586536299
513,0.45367293509590156,0.45367293509590156,0.45367293509590156,0.45367293509590156,0.45367293509590156,0.45367293509590156,0.17924280099485823,0.45367293509590156
514,0.3756262115381732,0.3756262115381732,0.3756262115381732,0.3756262115381732,0.3756262115381732,0.3756262115381732,0.1011960774371299,0.3756262115381732
515,0.29757948798044487,0.29757948798044487,0.29757948798044487,0.29757948798044487,0.29757948798044487,0.29757948798044487,0.023149353879401563,0.29757948798044487
516,0.21953276442271652,0.21953276442271652,0.21953276442271652,0.21953276442271652,0.21953276442271652,0.21953276442271652,-0.05489736967832677,0.21953276442271652
517,0.5415762948824114,0.5670678589592962,0.45500114227315547,0.7935347529617921,0.827508705044646,0.6974066092225895,0.9451026303216732,0.31512966086812605
518,0.8636198253421064,0.9146029534958758,0.6904695201235944,1.0,1.0,1.0,1.0,0.4107265573135356
519,0.785573101784378,0.8365562299381475,0.6124227965658661,0.9219532764422717,0.9219532764422717,0.9219532764422717,0.9219532764422717,0.33267983375580723
520,0.7075263782266497,0.7585095063804191,0.5343760730081377,0.8439065528845433,0.8439065528845433,0.8439065528845433,0.8439065528845433,0.2546331101980789
521,0.6294796546689213,0.6804627828226908,0.45632934945040937,0.765859829326815,0.765859829326815,0.765859829326815,0.765859829326815,0.17658638664035053
522,0.551432931111193,0.6024160592649624,0.378282625892681,0.6878131057690866,0.6878131057690866,0.6878131057690866,0.6878131057690866,0.0985396630826222
523,0.4733862075534646,0.5243693357072341,0.3002359023349527,0.6097663822113583,0.6097663822113583,0.6097663822113583,0.6097663822113583,0.020492939524893866
524,0.39533948399573626,0.44632261214950575,0.22218917877722433,0.5317196586536299,0.5317196586536299,0.5317196586536299,0.5317196586536299,-0.05755378403283447
525,0.727820740449682,0.8657879026257497,0.419070417772779,0.8010725737917694,1.0,1.0,0.6273165550990395,0.9424462159671655
526,1.0,1.0,0.6159516567683336,1.0,1.0,1.0,0.722913451544449,1.0
527,0.9219532764422717,0.9219532764422717,0.5379049332106053,0.9219532764422717,0.9219532764422717,0.9219532764422717,0.6448667279867206,0.9219532764422717
528,0.8439065528845433,0.8439065528845433,0.45985820965287694,0.8439065528845433,0.8439065528845433,0.8439065528845433,0.5668200044289923,0.8439065528845433
529,0.765859829326815,0.765859829326815,0.3818114860951486,0.765859829326815,0.765859829326815,0.765859829326815,0.4887732808712639,0.765859829326815
530,0.6878131057690866,0.6878131057690866,0.30376476253742024,0.6878131057690866,0.6878131057690866,0.6878131057690866,0.4107265573135356,0.6878131057690866
531,0.6097663822113583,0.6097663822113583,0.2257180389796919,0.6097663822113583,0.6097663822113583,0.6097663822113583,0.33267983375580723,0.6097663822113583
532,0.5317196586536299,0.5317196586536299,0.14767131542196354,0.5317196586536299,0.5317196586536299,0.5317196586536299,0.2546331101980789,0.5317196586536299
533,0.45367293509590156,0.45367293509590156,0.06962459186423521,0.45367293509590156,0.45367293509590156,0.45367293509590156,0.17658638664035053,0.45367293509590156
534,0.3756262115381732,0.3756262115381732,-0.008422131693493123,0.3756262115381732,0.3756262115381732,0.3756262115381732,0.0985396630826222,0.3756262115381732
535,0.7642136273881786,0.8580872009060304,0.9915778683065068,0.7463439968438299,0.706563308158984,0.6624271750294284,0.33400804093306113,0.5725074505337279
536,1.0,1.0,1.0,1.0,1.0,0.9492281385206837,0.5694764187835001,0.7693886895292825
537,0.9219532764422717,0.9219532764422717,0.9219532764422717,0.9219532764422717,0.9219532764422717,0.8711814149629553,0.49142969522577173,0.6913419659715542
538,0.8439065528845433,0.8439065528845433,0.8439065528845433,0.8439065528845433,0.8439065528845433,0.793134691405227,0.4133829716680434,0.6132952424138258
539,0.765859829326815,0.765859829326815,0.765859829326815,0.765859829326815,0.765859829326815,0.7150879678474986,0.33533624811031504,0.5352485188560975
540,0.6878131057690866,0.6878131057690866,0.6878131057690866,0.6878131057690866,0.6878131057690866,0.6370412442897703,0.2572895245525867,0.45720179529836913
541,0.6097663822113583,0.6097663822113583,0.6097663822113583,0.6097663822113583,0.6097663822113583,0.5589945207320419,0.17924280099485834,0.3791550717406408
542,0.5317196586536299,0.5317196586536299,0.5317196586536299,0.5317196586536299,0.5317196586536299,0.4809477971743136,0.10119607743713001,0.30110834818291243
543,0.45367293509590156,0.45367293509590156,0.45367293509590156,0.45367293509590156,0.45367293509590156,0.4029010736165852,0.023149353879401674,0.22306162462518409
544,0.3756262115381732,0.3756262115381732,0.3756262115381732,0.3756262115381732,0.3756262115381732,0.3248543500588569,-0.05489736967832666,0.14501490106745574
545,0.6976697419978681,0.7231613060747529,0.6110945893886122,0.9496282000772488,0.9836021521601027,0.8027281948587298,0.9451026303216733,0.24061179751286527
546,1.0,1.0,0.8465629672390511,1.0,1.0,1.0,1.0,0.3362086939582748
547,0.9219532764422717,0.9219532764422717,0.7685162436813228,0.9219532764422717,0.9219532764422717,0.9219532764422717,0.9219532764422717,0.25816197040054645
548,0.8439065528845433,0.8439065528845433,0.6904695201235944,0.8439065528845433,0.8439065528845433,0.8439065528845433,0.8439065528845433,0.1801152468428181
549,0.765859829326815,0.765859829326815,0.6124227965658661,0.765859829326815,0.765859829326815,0.765859829326815,0.765859829326815,0.10206852328508977
550,0.6878131057690866,0.6878131057690866,0.5343760730081377,0.6878131057690866,0.6878131057690866,0.6878131057690866,0.6878131057690866,0.02402179972736143
551,0.6097663822113583,0.6097663822113583,0.45632934945040937,0.6097663822113583,0.6097663822113583,0.6097663822113583,0.6097663822113583,-0.0540249238303669
552,0.9422476386653039,1.0,0.653210588445964,0.8791192973494978,1.0,1.0,0.7053632786567677,0.9459750761696331
553,1.0,1.0,0.8500918274415187,1.0,1.0,1.0,0.8009601751021772,1.0
554,0.9219532764422717,0.9219532764422717,0.7720451038837903,0.9219532764422717,0.9219532764422717,0.9219532764422717,0.7229134515444489,0.9219532764422717
555,0.8439065528845433,0.8439065528845433,0.693998380326062,0.8439065528845433,0.8439065528845433,0.8439065528845433,0.6448667279867205,0.8439065528845433
556,0.765859829326815,0.765859829326815,0.6159516567683336,0.765859829326815,0.765859829326815,0.765859829326815,0.5668200044289922,0.765859829326815
557,0.6878131057690866,0.6878131057690866,0.5379049332106053,0.6878131057690866,0.6878131057690866,0.6878131057690866,0.4887732808712638,0.6878131057690866
558,0.6097663822113583,0.6097663822113583,0.45985820965287694,0.6097663822113583,0.6097663822113583,0.6097663822113583,0.41072655731353547,0.6097663822113583
559,0.5317196586536299,0.5317196586536299,0.3818114860951486,0.5317196586536299,0.5317196586536299,0.5317196586536299,0.3326798337558071,0.5317196586536299
560,0.45367293509590156,0.45367293509590156,0.30376476253742024,0.45367293509590156,0.45367293509590156,0.45367293509590156,0.25463311019807877,0.45367293509590156
561,0.3756262115381732,0.3756262115381732,0.2257180389796919,0.3756262115381732,0.3756262115381732,0.3756262115381732,0.17658638664035042,0.3756262115381732
562,0.29757948798044487,0.29757948798044487,0.14767131542196354,0.29757948798044487,0.29757948798044487,0.29757948798044487,0.09853966308262209,0.29757948798044487
563,0.21953276442271652,0.21953276442271652,0.06962459186423521,0.21953276442271652,0.21953276442271652,0.21953276442271652,0.020492939524893755,0.21953276442271652
564,0.14148604086498817,0.14148604086498817,-0.008422131693493123,0.14148604086498817,0.14148604086498817,0.14148604086498817,-0.05755378403283458,0.14148604086498817
565,0.4635295713246831,0.4890211354015678,0.2270462461569458,0.7154880294040638,0.7494619814869177,0.6193598856648611,0.9424462159671654,0.2370829373103977
566,0.785573101784378,0.8365562299381474,0.46251462400738474,1.0,1.0,1.0,1.0,0.33267983375580723
567,0.7075263782266497,0.758509506380419,0.3844679004496564,0.9219532764422717,0.9219532764422717,0.9219532764422717,0.9219532764422717,0.2546331101980789
568,0.6294796546689213,0.6804627828226907,0.30642117689192805,0.8439065528845433,0.8439065528845433,0.8439065528845433,0.8439065528845433,0.17658638664035053
569,0.551432931111193,0.6024160592649623,0.2283744533341997,0.765859829326815,0.765859829326815,0.765859829326815,0.765859829326815,0.0985396630826222
570,0.4733862075534646,0.524369335707234,0.15032772977647135,0.6878131057690866,0.6878131057690866,0.6878131057690866,0.6878131057690866,0.020492939524893866
571,0.39533948399573626,0.44632261214950564,0.07228100621874302,0.6097663822113583,0.6097663822113583,0.6097663822113583,0.6097663822113583,-0.05755378403283447
572,0.727820740449682,0.8657879026257495,0.26916224521429766,0.8791192973494978,1.0,1.0,0.7053632786567677,0.9424462159671655
573,1.0,1.0,0.4660434842098523,1.0,1.0,1.0,0.8009601751021772,1.0
574,0.9219532764422717,0.9219532764422717,0.38799676065212396,0.9219532764422717,0.9219532764422717,0.9219532764422717,0.7229134515444489,0.9219532764422717
575,0.8439065528845433,0.8439065528845433,0.3099500370943956,0.8439065528845433,0.8439065528845433,0.8439065528845433,0.6448667279867205,0.8439065528845433
576,0.765859829326815,0.765859829326815,0.23190331353666727,0.765859829326815,0.765859829326815,0.765859829326815,0.5668200044289922,0.765859829326815
577,0.6878131057690866,0.6878131057690866,0.15385658997893892,0.6878131057690866,0.6878131057690866,0.6878131057690866,0.4887732808712638,0.6878131057690866
578,0.6097663822113583,0.6097663822113583,0.07580986642121058,0.6097663822113583,0.6097663822113583,0.6097663822113583,0.41072655731353547,0.6097663822113583
579,0.5317196586536299,0.5317196586536299,-0.0022368571365177503,0.5317196586536299,0.5317196586536299,0.5317196586536299,0.3326798337558071,0.5317196586536299
580,0.9203070745036352,1.0,0.9977631428634822,0.9024374439592866,0.8626567552744407,0.8185206221448851,0.5681482116062461,0.7286008976491846
581,1.0,1.0,1.0,1.0,1.0,1.0,0.803616589456685,0.9254821366447393
582,0.9219532764422717,0.9219532764422717,0.9219532764422717,0.9219532764422717,0.9219532764422717,0.9219532764422717,0.7255698658989567,0.847435413087011
583,0.8439065528845433,0.8439065528845433,0.8439065528845433,0.8439065528845433,0.8439065528845433,0.8439065528845433,0.6475231423412283,0.7693886895292826
584,0.765859829326815,0.765859829326815,0.765859829326815,0.765859829326815,0.765859829326815,0.765859829326815,0.5694764187835,0.6913419659715543
585,0.6878131057690866,0.6878131057690866,0.6878131057690866,0.6878131057690866,0.6878131057690866,0.6878131057690866,0.4914296952257716,0.6132952424138259
586,0.6097663822113583,0.6097663822113583,0.6097663822113583,0.6097663822113583,0.6097663822113583,0.6097663822113583,0.4133829716680433,0.5352485188560976
587,0.5317196586536299,0.5317196586536299,0.5317196586536299,0.5317196586536299,0.5317196586536299,0.5317196586536299,0.3353362481103149,0.45720179529836924
588,0.45367293509590156,0.45367293509590156,0.45367293509590156,0.45367293509590156,0.45367293509590156,0.45367293509590156,0.2572895245525866,0.3791550717406409
589,0.3756262115381732,0.3756262115381732,0.3756262115381732,0.3756262115381732,0.3756262115381732,0.3756262115381732,0.17924280099485823,0.30110834818291254
590,0.29757948798044487,0.29757948798044487,0.29757948798044487,0.29757948798044487,0.29757948798044487,0.29757948798044487,0.1011960774371299,0.2230616246251842
591,0.21953276442271652,0.21953276442271652,0.21953276442271652,0.21953276442271652,0.21953276442271652,0.21953276442271652,0.023149353879401563,0.14501490106745585
592,0.14148604086498817,0.14148604086498817,0.14148604086498817,0.14148604086498817,0.14148604086498817,0.14148604086498817,-0.05489736967832677,0.06696817750972751
593,0.4635295713246831,0.4890211354015678,0.3769544187154271,0.7154880294040638,0.7494619814869177,0.6193598856648611,0.9451026303216732,0.16256507395513703
594,0.785573101784378,0.8365562299381474,0.6124227965658661,1.0,1.0,1.0,1.0,0.25816197040054656
595,0.7075263782266497,0.758509506380419,0.5343760730081377,0.9219532764422717,0.9219532764422717,0.9219532764422717,0.9219532764422717,0.1801152468428182
596,0.6294796546689213,0.6804627828226907,0.45632934945040937,0.8439065528845433,0.8439065528845433,0.8439065528845433,0.8439065528845433,0.10206852328508988
597,0.551432931111193,0.6024160592649623,0.378282625892681,0.765859829326815,0.765859829326815,0.765859829326815,0.765859829326815,0.024021799727361542
598,0.4733862075534646,0.524369335707234,0.3002359023349527,0.6878131057690866,0.6878131057690866,0.6878131057690866,0.6878131057690866,-0.05402492383036679
599,0.8058674640074104,0.9438346261834779,0.49711714133050733,0.9571660209072262,1.0,1.0,0.7834100022144962,0.9459750761696332
600,1.0,1.0,0.693998380326062,1.0,1.0,1.0,0.8790068986599057,1.0
601,0.9219532764422717,0.9219532764422717,0.6159516567683336,0.9219532764422717,0.9219532764422717,0.9219532764422717,0.8009601751021773,0.9219532764422717
602,0.8439065528845433,0.8439065528845433,0.5379049332106053,0.8439065528845433,0.8439065528845433,0.8439065528845433,0.722913451544449,0.8439065528845433
603,0.765859829326815,0.765859829326815,0.45985820965287694,0.765859829326815,0.765859829326815,0.765859829326815,0.6448667279867206,0.765859829326815
604,0.6878131057690866,0.6878131057690866,0.3818114860951486,0.6878131057690866,0.6878131057690866,0.6878131057690866,0.5668200044289923,0.6878131057690866
605,0.6097663822113583,0.6097663822113583,0.30376476253742024,0.6097663822113583,0.6097663822113583,0.6097663822113583,0.4887732808712639,0.6097663822113583
606,0.5317196586536299,0.5317196586536299,0.2257180389796919,0.5317196586536299,0.5317196586536299,0.5317196586536299,0.4107265573135356,0.5317196586536299
607,0.45367293509590156,0.45367293509590156,0.14767131542196354,0.45367293509590156,0.45367293509590156,0.45367293509590156,0.33267983375580723,0.45367293509590156
608,0.3756262115381732,0.3756262115381732,0.06962459186423521,0.3756262115381732,0.3756262115381732,0.3756262115381732,0.2546331101980789,0.3756262115381732
609,0.29757948798044487,0.29757948798044487,-0.008422131693493123,0.29757948798044487,0.29757948798044487,0.29757948798044487,0.17658638664035053,0.29757948798044487
610,0.6861669038304502,0.7800404773483021,0.9915778683065068,0.6682972732861016,0.6285165846012556,0.5843804514717,0.4120547644907895,0.4944607269759995
611,1.0,1.0,1.0,1.0,0.9594536812220663,0.8711814149629552,0.6475231423412284,0.6913419659715542
612,0.9219532764422717,0.9219532764422717,0.9219532764422717,0.9219532764422717,0.881406957664338,0.7931346914052269,0.5694764187835001,0.6132952424138258
613,0.8439065528845433,0.8439065528845433,0.8439065528845433,0.8439065528845433,0.8033602341066096,0.7150879678474985,0.49142969522577173,0.5352485188560975
614,0.765859829326815,0.765859829326815,0.765859829326815,0.765859829326815,0.7253135105488813,0.6370412442897702,0.4133829716680434,0.45720179529836913
615,0.6878131057690866,0.6878131057690866,0.6878131057690866,0.6878131057690866,0.6472667869911529,0.5589945207320418,0.33533624811031504,0.3791550717406408
616,0.6097663822113583,0.6097663822113583,0.6097663822113583,0.6097663822113583,0.5692200634334246,0.48094779717431346,0.2572895245525867,0.30110834818291243
617,0.5317196586536299,0.5317196586536299,0.5317196586536299,0.5317196586536299,0.4911733398756962,0.4029010736165851,0.17924280099485834,0.22306162462518409
618,0.45367293509590156,0.45367293509590156,0.45367293509590156,0.45367293509590156,0.4131266163179679,0.32485435005885677,0.10119607743713001,0.14501490106745574
619,0.3756262115381732,0.3756262115381732,0.3756262115381732,0.3756262115381732,0.33507989276023953,0.24680762650112842,0.023149353879401674,0.0669681775097274
620,0.29757948798044487,0.29757948798044487,0.29757948798044487,0.29757948798044487,0.2570331692025112,0.16876090294340007,-0.05489736967832666,-0.011078546048000931
621,0.6196230184401398,0.6451145825170245,0.5330478658308838,0.8715814765195204,0.8650091098244407,0.646634747743273,0.9451026303216733,0.08451835039740861
622,0.9416665488998347,0.9926496770536041,0.7685162436813228,1.0,1.0,1.0,1.0,0.18011524684281816
623,0.8636198253421064,0.9146029534958757,0.6904695201235944,0.9219532764422717,0.9219532764422717,0.9219532764422717,0.9219532764422717,0.10206852328508982
624,0.785573101784378,0.8365562299381474,0.6124227965658661,0.8439065528845433,0.8439065528845433,0.8439065528845433,0.8439065528845433,0.024021799727361487
625,0.7075263782266497,0.758509506380419,0.5343760730081377,0.765859829326815,0.765859829326815,0.765859829326815,0.765859829326815,-0.05402492383036685
626,1.0,1.0,0.7312573120036924,1.0,1.0,1.0,0.8614567257722244,0.9459750761696332
627,1.0,1.0,0.9281385509992469,1.0,1.0,1.0,0.9570536222176339,1.0
628,0.9219532764422717,0.9219532764422717,0.8500918274415186,0.9219532764422717,0.9219532764422717,0.9219532764422717,0.8790068986599056,0.9219532764422717
629,0.8439065528845433,0.8439065528845433,0.7720451038837902,0.8439065528845433,0.8439065528845433,0.8439065528845433,0.8009601751021772,0.8439065528845433
630,0.765859829326815,0.765859829326815,0.6939983803260619,0.765859829326815,0.765859829326815,0.765859829326815,0.7229134515444489,0.765859829326815
631,0.6878131057690866,0.6878131057690866,0.6159516567683335,0.6878131057690866,0.6878131057690866,0.6878131057690866,0.6448667279867205,0.6878131057690866
632,0.6097663822113583,0.6097663822113583,0.5379049332106052,0.6097663822113583,0.6097663822113583,0.6097663822113583,0.5668200044289922,0.6097663822113583
633,0.5317196586536299,0.5317196586536299,0.4598582096528768,0.5317196586536299,0.5317196586536299,0.5317196586536299,0.4887732808712638,0.5317196586536299
634,0.45367293509590156,0.45367293509590156,0.3818114860951485,0.45367293509590156,0.45367293509590156,0.45367293509590156,0.41072655731353547,0.45367293509590156
635,0.3756262115381732,0.3756262115381732,0.30376476253742013,0.3756262115381732,0.3756262115381732,0.3756262115381732,0.3326798337558071,0.3756262115381732
636,0.29757948798044487,0.29757948798044487,0.22571803897969178,0.29757948798044487,0.29757948798044487,0.29757948798044487,0.25463311019807877,0.29757948798044487
637,0.21953276442271652,0.21953276442271652,0.14767131542196343,0.21953276442271652,0.21953276442271652,0.21953276442271652,0.17658638664035042,0.21953276442271652
638,0.14148604086498817,0.14148604086498817,0.0696245918642351,0.14148604086498817,0.14148604086498817,0.14148604086498817,0.09853966308262209,0.14148604086498817
639,0.06343931730725984,0.06343931730725984,-0.008422131693493234,0.06343931730725984,0.06343931730725984,0.06343931730725984,0.020492939524893755,0.06343931730725984
640,0.45202673315726516,0.545900306675117,0.9915778683065067,0.4341571026129165,0.3943764139280706,0.350240280798515,0.2559613173753327,0.2603205563028145
641,0.8406141490072705,1.0,1.0,0.8048748879185732,0.7253135105488814,0.6370412442897702,0.4914296952257716,0.45720179529836913
642,0.7625674254495421,0.9219532764422717,0.9219532764422717,0.7268281643608449,0.647266786991153,0.5589945207320418,0.4133829716680433,0.3791550717406408
643,0.6845207018918138,0.8439065528845433,0.8439065528845433,0.6487814408031165,0.5692200634334247,0.48094779717431346,0.3353362481103149,0.30110834818291243
644,0.6064739783340855,0.765859829326815,0.765859829326815,0.5707347172453882,0.49117333987569634,0.4029010736165851,0.2572895245525866,0.22306162462518409
645,0.5284272547763571,0.6878131057690866,0.6878131057690866,0.4926879936876598,0.413126616317968,0.32485435005885677,0.17924280099485823,0.14501490106745574
646,0.45038053121862875,0.6097663822113583,0.6097663822113583,0.41464127012993146,0.33507989276023964,0.24680762650112842,0.1011960774371299,0.0669681775097274
647,0.3723338076609004,0.5317196586536299,0.5317196586536299,0.3365945465722031,0.2570331692025113,0.16876090294340007,0.023149353879401563,-0.011078546048000931
648,0.7048150641148462,0.9511849491298737,0.7286008976491846,0.6059474617103426,1.0,1.0,0.1187462503248111,0.988921453951999
649,1.0,1.0,0.9254821366447393,0.8753003768484822,1.0,1.0,0.21434314677022065,1.0
650,0.9219532764422717,0.9219532764422717,0.847435413087011,0.7972536532907538,0.9219532764422717,0.9219532764422717,0.1362964232124923,0.9219532764422717
651,0.8439065528845433,0.8439065528845433,0.7693886895292826,0.7192069297330255,0.8439065528845433,0.8439065528845433,0.05824969965476397,0.8439065528845433
652,0.765859829326815,0.765859829326815,0.6913419659715543,0.6411602061752971,0.765859829326815,0.765859829326815,-0.019797023902964367,0.765859829326815
653,1.0,1.0,0.9268103438219933,1.0,1.0,1.0,0.9802029760970357,0.8614567257722244
654,1.0,1.0,1.0,1.0,1.0,1.0,1.0,0.9570536222176339
655,0.9219532764422717,0.9219532764422717,0.9219532764422717,0.9219532764422717,0.9219532764422717,0.9219532764422717,0.9219532764422717,0.8790068986599056
656,0.8439065528845433,0.8439065528845433,0.8439065528845433,0.8439065528845433,0.8439065528845433,0.8439065528845433,0.8439065528845433,0.8009601751021772
657,0.765859829326815,0.765859829326815,0.765859829326815,0.765859829326815,0.765859829326815,0.765859829326815,0.765859829326815,0.7229134515444489
658,0.6878131057690866,0.6878131057690866,0.6878131057690866,0.6878131057690866,0.6878131057690866,0.6878131057690866,0.6878131057690866,0.6448667279867205
659,0.6097663822113583,0.6097663822113583,0.6097663822113583,0.6097663822113583,0.6097663822113583,0.6097663822113583,0.6097663822113583,0.5668200044289922
660,0.5317196586536299,0.5317196586536299,0.5317196586536299,0.5317196586536299,0.5317196586536299,0.5317196586536299,0.5317196586536299,0.4887732808712638
661,0.45367293509590156,0.45367293509590156,0.45367293509590156,0.45367293509590156,0.45367293509590156,0.45367293509590156,0.45367293509590156,0.41072655731353547
662,0.3756262115381732,0.3756262115381732,0.3756262115381732,0.3756262115381732,0.3756262115381732,0.3756262115381732,0.3756262115381732,0.3326798337558071
663,0.29757948798044487,0.29757948798044487,0.29757948798044487,0.29757948798044487,0.29757948798044487,0.29757948798044487,0.29757948798044487,0.25463311019807877
664,0.21953276442271652,0.21953276442271652,0.21953276442271652,0.21953276442271652,0.21953276442271652,0.21953276442271652,0.21953276442271652,0.17658638664035042
665,0.14148604086498817,0.14148604086498817,0.14148604086498817,0.14148604086498817,0.14148604086498817,0.14148604086498817,0.14148604086498817,0.09853966308262209
666,0.06343931730725984,0.06343931730725984,0.06343931730725984,0.06343931730725984,0.06343931730725984,0.06343931730725984,0.06343931730725984,0.020492939524893755
667,-0.014607406250468497,-0.014607406250468497,-0.014607406250468497,-0.014607406250468497,-0.014607406250468497,-0.014607406250468497,-0.014607406250468497,-0.05755378403283458
668,0.3739800095995368,0.46785358311738867,0.9853925937495315,0.35611037905518816,0.3163296903703423,0.27219355724078664,0.22086097159997042,0.1393274549627201
669,0.7625674254495421,0.9503145724852459,1.0,0.7268281643608449,0.6472667869911531,0.5589945207320418,0.45632934945040937,0.33620869395827474
670,0.6845207018918138,0.8722678489275175,0.9219532764422717,0.6487814408031165,0.5692200634334248,0.48094779717431346,0.378282625892681,0.2581619704005464
671,0.6064739783340855,0.7942211253697892,0.8439065528845433,0.5707347172453882,0.49117333987569645,0.4029010736165851,0.3002359023349527,0.18011524684281804
672,0.5284272547763571,0.7161744018120608,0.765859829326815,0.4926879936876598,0.4131266163179681,0.32485435005885677,0.22218917877722433,0.10206852328508971
673,0.45038053121862875,0.6381276782543325,0.6878131057690866,0.41464127012993146,0.33507989276023975,0.24680762650112842,0.14414245521949598,0.024021799727361376
674,0.3723338076609004,0.5600809546966041,0.6097663822113583,0.3365945465722031,0.2570331692025114,0.16876090294340007,0.06609573166176765,-0.05402492383036696
675,0.7048150641148462,0.9795462451728479,0.8066476212069129,0.6059474617103426,1.0,1.0,0.16169262810717716,0.9459750761696331
676,1.0,1.0,1.0,0.8753003768484822,1.0,1.0,0.2572895245525867,1.0
677,0.9219532764422717,0.9219532764422717,0.9219532764422717,0.7972536532907538,0.9219532764422717,0.9219532764422717,0.17924280099485834,0.9219532764422717
678,0.8439065528845433,0.8439065528845433,0.8439065528845433,0.7192069297330255,0.8439065528845433,0.8439065528845433,0.10119607743713001,0.8439065528845433
679,0.765859829326815,0.765859829326815,0.765859829326815,0.6411602061752971,0.765859829326815,0.765859829326815,0.023149353879401674,0.765859829326815
680,0.6878131057690866,0.6878131057690866,0.6878131057690866,0.5631134826175688,0.6878131057690866,0.6878131057690866,-0.05489736967832666,0.6878131057690866
681,1.0,1.0,0.9232814836195257,1.0,1.0,1.0,0.9451026303216733,0.7834100022144962
682,1.0,1.0,1.0,1.0,1.0,1.0,1.0,0.8790068986599057
683,0.9219532764422717,0.9219532764422717,0.9219532764422717,0.9219532764422717,0.9219532764422717,0.9219532764422717,0.9219532764422717,0.8009601751021773
684,0.8439065528845433,0.8439065528845433,0.8439065528845433,0.8439065528845433,0.8439065528845433,0.8439065528845433,0.8439065528845433,0.722913451544449
685,0.765859829326815,0.765859829326815,0.765859829326815,0.765859829326815,0.765859829326815,0.765859829326815,0.765859829326815,0.6448667279867206
686,0.6878131057690866,0.6878131057690866,0.6878131057690866,0.6878131057690866,0.6878131057690866,0.6878131057690866,0.6878131057690866,0.5668200044289923
687,0.6097663822113583,0.6097663822113583,0.6097663822113583,0.6097663822113583,0.6097663822113583,0.6097663822113583,0.6097663822113583,0.4887732808712639
688,0.5317196586536299,0.5317196586536299,0.5317196586536299,0.5317196586536299,0.5317196586536299,0.5317196586536299,0.5317196586536299,0.4107265573135356
689,0.45367293509590156,0.45367293509590156,0.45367293509590156,0.45367293509590156,0.45367293509590156,0.45367293509590156,0.45367293509590156,0.33267983375580723
690,0.3756262115381732,0.3756262115381732,0.3756262115381732,0.3756262115381732,0.3756262115381732,0.3756262115381732,0.3756262115381732,0.2546331101980789
691,0.29757948798044487,0.29757948798044487,0.29757948798044487,0.29757948798044487,0.29757948798044487,0.29757948798044487,0.29757948798044487,0.17658638664035053
692,0.21953276442271652,0.21953276442271652,0.21953276442271652,0.21953276442271652,0.21953276442271652,0.21953276442271652,0.21953276442271652,0.0985396630826222
693,0.14148604086498817,0.14148604086498817,0.14148604086498817,0.14148604086498817,0.14148604086498817,0.14148604086498817,0.14148604086498817,0.020492939524893866
694,0.06343931730725984,0.06343931730725984,0.06343931730725984,0.06343931730725984,0.06343931730725984,0.06343931730725984,0.06343931730725984,-0.05755378403283447
695,0.3959205737612056,0.48290460778350375,0.2603205563028145,0.33279223244539935,0.8434002896416343,0.9193627853361629,0.15903621375266935,0.9424462159671655
696,0.7284018302151514,0.9023698982597476,0.45720179529836913,0.6021451475835389,1.0,1.0,0.2546331101980789,1.0
697,0.650355106657423,0.8243231747020192,0.3791550717406408,0.5240984240258105,0.9219532764422717,0.9219532764422717,0.17658638664035053,0.9219532764422717
698,0.5723083830996947,0.7462764511442909,0.30110834818291243,0.4460517004680822,0.8439065528845433,0.8439065528845433,0.0985396630826222,0.8439065528845433
699,0.4942616595419663,0.6682297275865625,0.22306162462518409,0.36800497691035383,0.765859829326815,0.765859829326815,0.020492939524893866,0.765859829326815
700,0.416214935984238,0.5901830040288342,0.14501490106745574,0.2899582533526255,0.6878131057690866,0.6878131057690866,-0.05755378403283447,0.6878131057690866
701,0.7382584664439329,0.9377180985654138,0.3804832789178947,0.8639602418917011,1.0,1.0,0.9424462159671655,0.7834100022144962
702,1.0,1.0,0.6159516567683336,1.0,1.0,1.0,1.0,0.8790068986599057
703,0.9219532764422717,0.9219532764422717,0.5379049332106053,0.9219532764422717,0.9219532764422717,0.9219532764422717,0.9219532764422717,0.8009601751021773
704,0.8439065528845433,0.8439065528845433,0.45985820965287694,0.8439065528845433,0.8439065528845433,0.8439065528845433,0.8439065528845433,0.722913451544449
705,0.765859829326815,0.765859829326815,0.3818114860951486,0.765859829326815,0.765859829326815,0.765859829326815,0.765859829326815,0.6448667279867206
706,0.6878131057690866,0.6878131057690866,0.30376476253742024,0.6878131057690866,0.6878131057690866,0.6878131057690866,0.6878131057690866,0.5668200044289923
707,0.6097663822113583,0.6097663822113583,0.2257180389796919,0.6097663822113583,0.6097663822113583,0.6097663822113583,0.6097663822113583,0.4887732808712639
708,0.5317196586536299,0.5317196586536299,0.14767131542196354,0.5317196586536299,0.5317196586536299,0.5317196586536299,0.5317196586536299,0.4107265573135356
709,0.45367293509590156,0.45367293509590156,0.06962459186423521,0.45367293509590156,0.45367293509590156,0.45367293509590156,0.45367293509590156,0.33267983375580723
710,0.3756262115381732,0.3756262115381732,-0.008422131693493123,0.3756262115381732,0.3756262115381732,0.3756262115381732,0.3756262115381732,0.2546331101980789
711,0.7642136273881786,0.8580872009060304,0.9915778683065068,0.7463439968438299,0.706563308158984,0.6624271750294284,0.6110945893886122,0.45151434919363354
712,1.0,1.0,1.0,1.0,1.0,0.9492281385206837,0.8465629672390511,0.6483955881891882
713,0.9219532764422717,0.9219532764422717,0.9219532764422717,0.9219532764422717,0.9219532764422717,0.8711814149629553,0.7685162436813228,0.5703488646314598
714,0.8439065528845433,0.8439065528845433,0.8439065528845433,0.8439065528845433,0.8439065528845433,0.793134691405227,0.6904695201235944,0.4923021410737315
715,0.765859829326815,0.765859829326815,0.765859829326815,0.765859829326815,0.765859829326815,0.7150879678474986,0.6124227965658661,0.41425541751600314
716,0.6878131057690866,0.6878131057690866,0.6878131057690866,0.6878131057690866,0.6878131057690866,0.6370412442897703,0.5343760730081377,0.3362086939582748
717,0.6097663822113583,0.6097663822113583,0.6097663822113583,0.6097663822113583,0.6097663822113583,0.5589945207320419,0.45632934945040937,0.25816197040054645
718,0.5317196586536299,0.5317196586536299,0.5317196586536299,0.5317196586536299,0.5317196586536299,0.4809477971743136,0.378282625892681,0.1801152468428181
719,0.45367293509590156,0.45367293509590156,0.45367293509590156,0.45367293509590156,0.45367293509590156,0.4029010736165852,0.3002359023349527,0.10206852328508977
720,0.3756262115381732,0.3756262115381732,0.3756262115381732,0.3756262115381732,0.3756262115381732,0.3248543500588569,0.22218917877722433,0.02402179972736143
721,0.29757948798044487,0.29757948798044487,0.29757948798044487,0.29757948798044487,0.29757948798044487,0.24680762650112853,0.14414245521949598,-0.0540249238303669
722,0.6300607444343906,0.7170447784566888,0.4944607269759995,0.5669324031185844,1.0,1.0,0.2397393516649055,0.9459750761696331
723,0.9625420008883364,1.0,0.6913419659715542,0.8362853182567239,1.0,1.0,0.33533624811031504,1.0
724,0.8844952773306081,0.9219532764422717,0.6132952424138258,0.7582385946989956,0.9219532764422717,0.9219532764422717,0.2572895245525867,0.9219532764422717
725,0.8064485537728797,0.8439065528845433,0.5352485188560975,0.6801918711412672,0.8439065528845433,0.8439065528845433,0.17924280099485834,0.8439065528845433
726,0.7284018302151514,0.765859829326815,0.45720179529836913,0.6021451475835389,0.765859829326815,0.765859829326815,0.10119607743713001,0.765859829326815
727,0.650355106657423,0.6878131057690866,0.3791550717406408,0.5240984240258105,0.6878131057690866,0.6878131057690866,0.023149353879401674,0.6878131057690866
728,0.5723083830996947,0.6097663822113583,0.30110834818291243,0.4460517004680822,0.6097663822113583,0.6097663822113583,-0.05489736967832666,0.6097663822113583
729,0.8943519135593896,0.9573014767479379,0.5365767260333514,1.0,1.0,1.0,0.9451026303216733,0.7053632786567677
730,1.0,1.0,0.7720451038837903,1.0,1.0,1.0,1.0,0.8009601751021772
731,0.9219532764422717,0.9219532764422717,0.693998380326062,0.9219532764422717,0.9219532764422717,0.9219532764422717,0.9219532764422717,0.7229134515444489
732,0.8439065528845433,0.8439065528845433,0.6159516567683336,0.8439065528845433,0.8439065528845433,0.8439065528845433,0.8439065528845433,0.6448667279867205
733,0.765859829326815,0.765859829326815,0.5379049332106053,0.765859829326815,0.765859829326815,0.765859829326815,0.765859829326815,0.5668200044289922
734,0.6878131057690866,0.6878131057690866,0.45985820965287694,0.6878131057690866,0.6878131057690866,0.6878131057690866,0.6878131057690866,0.4887732808712638
735,0.6097663822113583,0.6097663822113583,0.3818114860951486,0.6097663822113583,0.6097663822113583,0.6097663822113583,0.6097663822113583,0.41072655731353547
736,0.5317196586536299,0.5317196586536299,0.30376476253742024,0.5317196586536299,0.5317196586536299,0.5317196586536299,0.5317196586536299,0.3326798337558071
737,0.45367293509590156,0.45367293509590156,0.2257180389796919,0.45367293509590156,0.45367293509590156,0.45367293509590156,0.45367293509590156,0.25463311019807877
738,0.3756262115381732,0.3756262115381732,0.14767131542196354,0.3756262115381732,0.3756262115381732,0.3756262115381732,0.3756262115381732,0.17658638664035042
739,0.29757948798044487,0.29757948798044487,0.06962459186423521,0.29757948798044487,0.29757948798044487,0.29757948798044487,0.29757948798044487,0.09853966308262209
740,0.21953276442271652,0.21953276442271652,-0.008422131693493123,0.21953276442271652,0.21953276442271652,0.21953276442271652,0.21953276442271652,0.020492939524893755
741,0.6081201802727219,0.7019937537905737,0.9915778683065068,0.5902505497283732,0.5504698610435274,0.5063337279139717,0.45500114227315547,0.21737417852044838
742,0.9967075961227271,1.0,1.0,0.9609683350340298,0.8814069576643381,0.7931346914052269,0.6904695201235944,0.41425541751600303
743,0.9186608725649987,0.9219532764422717,0.9219532764422717,0.8829216114763014,0.8033602341066097,0.7150879678474985,0.6124227965658661,0.3362086939582747
744,0.8406141490072704,0.8439065528845433,0.8439065528845433,0.8048748879185731,0.7253135105488814,0.6370412442897702,0.5343760730081377,0.25816197040054634
745,0.762567425449542,0.765859829326815,0.765859829326815,0.7268281643608447,0.647266786991153,0.5589945207320418,0.45632934945040937,0.180115246842818
746,0.6845207018918137,0.6878131057690866,0.6878131057690866,0.6487814408031164,0.5692200634334247,0.48094779717431346,0.378282625892681,0.10206852328508965
747,0.6064739783340853,0.6097663822113583,0.6097663822113583,0.570734717245388,0.49117333987569634,0.4029010736165851,0.3002359023349527,0.02402179972736132
748,0.528427254776357,0.5317196586536299,0.5317196586536299,0.4926879936876597,0.413126616317968,0.32485435005885677,0.22218917877722433,-0.054024923830367014
749,0.8609085112303028,0.9511849491298737,0.7286008976491846,0.7620409088257992,1.0,1.0,0.31778607522263386,0.945975076169633
750,1.0,1.0,0.9254821366447393,1.0,1.0,1.0,0.4133829716680434,1.0
751,0.9219532764422717,0.9219532764422717,0.847435413087011,0.9219532764422717,0.9219532764422717,0.9219532764422717,0.33533624811031504,0.9219532764422717
752,0.8439065528845433,0.8439065528845433,0.7693886895292826,0.8439065528845433,0.8439065528845433,0.8439065528845433,0.2572895245525867,0.8439065528845433
753,0.765859829326815,0.765859829326815,0.6913419659715543,0.765859829326815,0.765859829326815,0.765859829326815,0.17924280099485834,0.765859829326815
754,0.6878131057690866,0.6878131057690866,0.6132952424138259,0.6878131057690866,0.6878131057690866,0.6878131057690866,0.10119607743713001,0.6878131057690866
755,0.6097663822113583,0.6097663822113583,0.5352485188560976,0.6097663822113583,0.6097663822113583,0.6097663822113583,0.023149353879401674,0.6097663822113583
756,0.5317196586536299,0.5317196586536299,0.45720179529836924,0.5317196586536299,0.5317196586536299,0.5317196586536299,-0.05489736967832666,0.5317196586536299
757,0.8537631891133248,0.8792547531902096,0.6926701731488082,1.0,1.0,1.0,0.9451026303216733,0.6273165550990395
758,1.0,1.0,0.9281385509992471,1.0,1.0,1.0,1.0,0.722913451544449
759,0.9219532764422717,0.9219532764422717,0.8500918274415188,0.9219532764422717,0.9219532764422717,0.9219532764422717,0.9219532764422717,0.6448667279867206
760,0.8439065528845433,0.8439065528845433,0.7720451038837904,0.8439065528845433,0.8439065528845433,0.8439065528845433,0.8439065528845433,0.5668200044289923
761,0.765859829326815,0.765859829326815,0.6939983803260621,0.765859829326815,0.765859829326815,0.765859829326815,0.765859829326815,0.4887732808712639
762,0.6878131057690866,0.6878131057690866,0.6159516567683337,0.6878131057690866,0.6878131057690866,0.6878131057690866,0.6878131057690866,0.4107265573135356
763,0.6097663822113583,0.6097663822113583,0.5379049332106054,0.6097663822113583,0.6097663822113583,0.6097663822113583,0.6097663822113583,0.33267983375580723
764,0.5317196586536299,0.5317196586536299,0.45985820965287705,0.5317196586536299,0.5317196586536299,0.5317196586536299,0.5317196586536299,0.2546331101980789
765,0.45367293509590156,0.45367293509590156,0.3818114860951487,0.45367293509590156,0.45367293509590156,0.45367293509590156,0.45367293509590156,0.17658638664035053
766,0.3756262115381732,0.3756262115381732,0.30376476253742035,0.3756262115381732,0.3756262115381732,0.3756262115381732,0.3756262115381732,0.0985396630826222
767,0.29757948798044487,0.29757948798044487,0.225718038979692,0.29757948798044487,0.29757948798044487,0.29757948798044487,0.29757948798044487,0.020492939524893866
768,0.21953276442271652,0.21953276442271652,0.14767131542196366,0.21953276442271652,0.21953276442271652,0.21953276442271652,0.21953276442271652,-0.05755378403283447
769,0.5520140208766623,0.6389980548989603,0.3445525544175183,0.48888567956085605,0.999493736757091,1.0,0.31512966086812605,0.9424462159671655
770,0.8844952773306081,1.0,0.541433793413073,0.7582385946989956,1.0,1.0,0.4107265573135356,1.0
771,0.8064485537728797,0.9219532764422717,0.4633870698553446,0.6801918711412672,0.9219532764422717,0.9219532764422717,0.33267983375580723,0.9219532764422717
772,0.7284018302151514,0.8439065528845433,0.38534034629761627,0.6021451475835389,0.8439065528845433,0.8439065528845433,0.2546331101980789,0.8439065528845433
773,0.650355106657423,0.765859829326815,0.3072936227398879,0.5240984240258105,0.765859829326815,0.765859829326815,0.17658638664035053,0.765859829326815
774,0.5723083830996947,0.6878131057690866,0.22924689918215957,0.4460517004680822,0.6878131057690866,0.6878131057690866,0.0985396630826222,0.6878131057690866
775,0.4942616595419663,0.6097663822113583,0.15120017562443122,0.36800497691035383,0.6097663822113583,0.6097663822113583,0.020492939524893866,0.6097663822113583
776,0.416214935984238,0.5317196586536299,0.07315345206670289,0.2899582533526255,0.5317196586536299,0.5317196586536299,-0.05755378403283447,0.5317196586536299
777,0.7382584664439329,0.8792547531902096,0.3086218299171418,0.8639602418917011,1.0,1.0,0.9424462159671655,0.6273165550990395
778,1.0,1.0,0.5440902077675808,1.0,1.0,1.0,1.0,0.722913451544449
779,0.9219532764422717,0.9219532764422717,0.4660434842098524,0.9219532764422717,0.9219532764422717,0.9219532764422717,0.9219532764422717,0.6448667279867206
780,0.8439065528845433,0.8439065528845433,0.3879967606521241,0.8439065528845433,0.8439065528845433,0.8439065528845433,0.8439065528845433,0.5668200044289923
781,0.765859829326815,0.765859829326815,0.3099500370943957,0.765859829326815,0.765859829326815,0.765859829326815,0.765859829326815,0.4887732808712639
782,0.6878131057690866,0.6878131057690866,0.23190331353666738,0.6878131057690866,0.6878131057690866,0.6878131057690866,0.6878131057690866,0.4107265573135356
783,0.6097663822113583,0.6097663822113583,0.15385658997893903,0.6097663822113583,0.6097663822113583,0.6097663822113583,0.6097663822113583,0.33267983375580723
784,0.5317196586536299,0.5317196586536299,0.0758098664212107,0.5317196586536299,0.5317196586536299,0.5317196586536299,0.5317196586536299,0.2546331101980789
785,0.45367293509590156,0.45367293509590156,-0.0022368571365176393,0.45367293509590156,0.45367293509590156,0.45367293509590156,0.45367293509590156,0.17658638664035053
786,0.8422603509459069,0.9361339244637589,0.9977631428634823,0.8243907204015583,0.7846100317167123,0.7404738985871567,0.6891413129463405,0.3734676256359052
787,1.0,1.0,1.0,1.0,1.0,1.0,0.9246096907967795,0.5703488646314598
788,0.9219532764422717,0.9219532764422717,0.9219532764422717,0.9219532764422717,0.9219532764422717,0.9219532764422717,0.8465629672390511,0.4923021410737315
789,0.8439065528845433,0.8439065528845433,0.8439065528845433,0.8439065528845433,0.8439065528845433,0.8439065528845433,0.7685162436813228,0.41425541751600314
790,0.765859829326815,0.765859829326815,0.765859829326815,0.765859829326815,0.765859829326815,0.765859829326815,0.6904695201235944,0.3362086939582748
791,0.6878131057690866,0.6878131057690866,0.6878131057690866,0.6878131057690866,0.6878131057690866,0.6878131057690866,0.6124227965658661,0.25816197040054645
792,0.6097663822113583,0.6097663822113583,0.6097663822113583,0.6097663822113583,0.6097663822113583,0.6097663822113583,0.5343760730081377,0.1801152468428181
793,0.5317196586536299,0.5317196586536299,0.5317196586536299,0.5317196586536299,0.5317196586536299,0.5317196586536299,0.45632934945040937,0.10206852328508977
794,0.45367293509590156,0.45367293509590156,0.45367293509590156,0.45367293509590156,0.45367293509590156,0.45367293509590156,0.378282625892681,0.02402179972736143
795,0.3756262115381732,0.3756262115381732,0.3756262115381732,0.3756262115381732,0.3756262115381732,0.3756262115381732,0.3002359023349527,-0.0540249238303669
796,0.708107467992119,0.795091502014417,0.5725074505337279,0.6449791266763127,1.0,1.0,0.3958327987803622,0.9459750761696331
797,1.0,1.0,0.7693886895292825,0.9143320418144523,1.0,1.0,0.49142969522577173,1.0
798,0.9219532764422717,0.9219532764422717,0.6913419659715542,0.8362853182567239,0.9219532764422717,0.9219532764422717,0.4133829716680434,0.9219532764422717
799,0.8439065528845433,0.8439065528845433,0.6132952424138258,0.7582385946989956,0.8439065528845433,0.8439065528845433,0.33533624811031504,0.8439065528845433
800,0.765859829326815,0.765859829326815,0.5352485188560975,0.6801918711412672,0.765859829326815,0.765859829326815,0.2572895245525867,0.765859829326815
801,0.6878131057690866,0.6878131057690866,0.45720179529836913,0.6021451475835389,0.6878131057690866,0.6878131057690866,0.17924280099485834,0.6878131057690866
802,0.6097663822113583,0.6097663822113583,0.3791550717406408,0.5240984240258105,0.6097663822113583,0.6097663822113583,0.10119607743713001,0.6097663822113583
803,0.5317196586536299,0.5317196586536299,0.30110834818291243,0.4460517004680822,0.5317196586536299,0.5317196586536299,0.023149353879401674,0.5317196586536299
804,0.45367293509590156,0.45367293509590156,0.22306162462518409,0.36800497691035383,0.45367293509590156,0.45367293509590156,-0.05489736967832666,0.45367293509590156
805,0.7757164655555965,0.8012080296324812,0.45853000247562303,0.9420069654494295,1.0,0.9315467798957745,0.9451026303216733,0.549269831541311
806,1.0,1.0,0.693998380326062,1.0,1.0,1.0,1.0,0.6448667279867205
807,0.9219532764422717,0.9219532764422717,0.6159516567683336,0.9219532764422717,0.9219532764422717,0.9219532764422717,0.9219532764422717,0.5668200044289922
808,0.8439065528845433,0.8439065528845433,0.5379049332106053,0.8439065528845433,0.8439065528845433,0.8439065528845433,0.8439065528845433,0.4887732808712638
809,0.765859829326815,0.765859829326815,0.45985820965287694,0.765859829326815,0.765859829326815,0.765859829326815,0.765859829326815,0.41072655731353547
810,0.6878131057690866,0.6878131057690866,0.3818114860951486,0.6878131057690866,0.6878131057690866,0.6878131057690866,0.6878131057690866,0.3326798337558071
811,0.6097663822113583,0.6097663822113583,0.30376476253742024,0.6097663822113583,0.6097663822113583,0.6097663822113583,0.6097663822113583,0.25463311019807877
812,0.5317196586536299,0.5317196586536299,0.2257180389796919,0.5317196586536299,0.5317196586536299,0.5317196586536299,0.5317196586536299,0.17658638664035042
813,0.45367293509590156,0.45367293509590156,0.14767131542196354,0.45367293509590156,0.45367293509590156,0.45367293509590156,0.45367293509590156,0.09853966308262209
814,0.3756262115381732,0.3756262115381732,0.06962459186423521,0.3756262115381732,0.3756262115381732,0.3756262115381732,0.3756262115381732,0.020492939524893755
815,0.29757948798044487,0.29757948798044487,-0.008422131693493123,0.29757948798044487,0.29757948798044487,0.29757948798044487,0.29757948798044487,-0.05755378403283458
816,0.6300607444343906,0.7170447784566888,0.1884591073020615,0.5669324031185844,1.0,1.0,0.3931763844258544,0.9424462159671654
817,0.9625420008883364,1.0,0.38534034629761615,0.8362853182567239,1.0,1.0,0.4887732808712639,1.0
818,0.8844952773306081,0.9219532764422717,0.3072936227398878,0.7582385946989956,0.9219532764422717,0.9219532764422717,0.4107265573135356,0.9219532764422717
819,0.8064485537728797,0.8439065528845433,0.22924689918215946,0.6801918711412672,0.8439065528845433,0.8439065528845433,0.33267983375580723,0.8439065528845433
820,0.7284018302151514,0.765859829326815,0.1512001756244311,0.6021451475835389,0.765859829326815,0.765859829326815,0.2546331101980789,0.765859829326815
821,0.650355106657423,0.6878131057690866,0.07315345206670278,0.5240984240258105,0.6878131057690866,0.6878131057690866,0.17658638664035053,0.6878131057690866
822,0.5723083830996947,0.6097663822113583,-0.004893271491025558,0.4460517004680822,0.6097663822113583,0.6097663822113583,0.0985396630826222,0.6097663822113583
823,0.9608957989497001,1.0,0.9951067285089744,0.8167694857737389,0.940703478832169,0.8965673457026134,0.33400804093306113,0.8066476212069129
824,1.0,1.0,1.0,1.0,1.0,1.0,0.5694764187835001,1.0
825,0.9219532764422717,0.9219532764422717,0.9219532764422717,0.9219532764422717,0.9219532764422717,0.9219532764422717,0.49142969522577173,0.9219532764422717
826,0.8439065528845433,0.8439065528845433,0.8439065528845433,0.8439065528845433,0.8439065528845433,0.8439065528845433,0.4133829716680434,0.8439065528845433
827,0.765859829326815,0.765859829326815,0.765859829326815,0.765859829326815,0.765859829326815,0.765859829326815,0.33533624811031504,0.765859829326815
828,0.6878131057690866,0.6878131057690866,0.6878131057690866,0.6878131057690866,0.6878131057690866,0.6878131057690866,0.2572895245525867,0.6878131057690866
829,0.6097663822113583,0.6097663822113583,0.6097663822113583,0.6097663822113583,0.6097663822113583,0.6097663822113583,0.17924280099485834,0.6097663822113583
830,0.5317196586536299,0.5317196586536299,0.5317196586536299,0.5317196586536299,0.5317196586536299,0.5317196586536299,0.10119607743713001,0.5317196586536299
831,0.45367293509590156,0.45367293509590156,0.45367293509590156,0.45367293509590156,0.45367293509590156,0.45367293509590156,0.023149353879401674,0.45367293509590156
832,0.3756262115381732,0.3756262115381732,0.3756262115381732,0.3756262115381732,0.3756262115381732,0.3756262115381732,-0.05489736967832666,0.3756262115381732
833,0.6976697419978681,0.7231613060747529,0.6110945893886122,0.9496282000772488,0.9836021521601027,0.8535000563380462,0.9451026303216733,0.4712231079835828
834,1.0,1.0,0.8465629672390511,1.0,1.0,1.0,1.0,0.5668200044289923
835,0.9219532764422717,0.9219532764422717,0.7685162436813228,0.9219532764422717,0.9219532764422717,0.9219532764422717,0.9219532764422717,0.4887732808712639
836,0.8439065528845433,0.8439065528845433,0.6904695201235944,0.8439065528845433,0.8439065528845433,0.8439065528845433,0.8439065528845433,0.4107265573135356
837,0.765859829326815,0.765859829326815,0.6124227965658661,0.765859829326815,0.765859829326815,0.765859829326815,0.765859829326815,0.33267983375580723
838,0.6878131057690866,0.6878131057690866,0.5343760730081377,0.6878131057690866,0.6878131057690866,0.6878131057690866,0.6878131057690866,0.2546331101980789
839,0.6097663822113583,0.6097663822113583,0.45632934945040937,0.6097663822113583,0.6097663822113583,0.6097663822113583,0.6097663822113583,0.17658638664035053
840,0.5317196586536299,0.5317196586536299,0.378282625892681,0.5317196586536299,0.5317196586536299,0.5317196586536299,0.5317196586536299,0.0985396630826222
841,0.45367293509590156,0.45367293509590156,0.3002359023349527,0.45367293509590156,0.45367293509590156,0.45367293509590156,0.45367293509590156,0.020492939524893866
842,0.3756262115381732,0.3756262115381732,0.22218917877722433,0.3756262115381732,0.3756262115381732,0.3756262115381732,0.3756262115381732,-0.05755378403283447
843,0.708107467992119,0.795091502014417,0.419070417772779,0.6449791266763127,1.0,1.0,0.4712231079835828,0.9424462159671655
844,1.0,1.0,0.6159516567683336,0.9143320418144523,1.0,1.0,0.5668200044289923,1.0
845,0.9219532764422717,0.9219532764422717,0.5379049332106053,0.8362853182567239,0.9219532764422717,0.9219532764422717,0.4887732808712639,0.9219532764422717
846,0.8439065528845433,0.8439065528845433,0.45985820965287694,0.7582385946989956,0.8439065528845433,0.8439065528845433,0.4107265573135356,0.8439065528845433
847,0.765859829326815,0.765859829326815,0.3818114860951486,0.6801918711412672,0.765859829326815,0.765859829326815,0.33267983375580723,0.765859829326815
848,0.6878131057690866,0.6878131057690866,0.30376476253742024,0.6021451475835389,0.6878131057690866,0.6878131057690866,0.2546331101980789,0.6878131057690866
849,0.6097663822113583,0.6097663822113583,0.2257180389796919,0.5240984240258105,0.6097663822113583,0.6097663822113583,0.17658638664035053,0.6097663822113583
850,0.5317196586536299,0.5317196586536299,0.14767131542196354,0.4460517004680822,0.5317196586536299,0.5317196586536299,0.0985396630826222,0.5317196586536299
851,0.45367293509590156,0.45367293509590156,0.06962459186423521,0.36800497691035383,0.45367293509590156,0.45367293509590156,0.020492939524893866,0.45367293509590156
852,0.3756262115381732,0.3756262115381732,-0.008422131693493123,0.2899582533526255,0.3756262115381732,0.3756262115381732,-0.05755378403283447,0.3756262115381732
853,0.6976697419978681,0.7231613060747529,0.2270462461569458,0.8639602418917011,0.9836021521601027,0.8535000563380462,0.9424462159671655,0.4712231079835828
854,1.0,1.0,0.46251462400738474,1.0,1.0,1.0,1.0,0.5668200044289923
855,0.9219532764422717,0.9219532764422717,0.3844679004496564,0.9219532764422717,0.9219532764422717,0.9219532764422717,0.9219532764422717,0.4887732808712639
856,0.8439065528845433,0.8439065528845433,0.30642117689192805,0.8439065528845433,0.8439065528845433,0.8439065528845433,0.8439065528845433,0.4107265573135356
857,0.765859829326815,0.765859829326815,0.2283744533341997,0.765859829326815,0.765859829326815,0.765859829326815,0.765859829326815,0.33267983375580723
858,0.6878131057690866,0.6878131057690866,0.15032772977647135,0.6878131057690866,0.6878131057690866,0.6878131057690866,0.6878131057690866,0.2546331101980789
859,0.6097663822113583,0.6097663822113583,0.07228100621874302,0.6097663822113583,0.6097663822113583,0.6097663822113583,0.6097663822113583,0.17658638664035053
860,0.5317196586536299,0.5317196586536299,-0.005765717338985316,0.5317196586536299,0.5317196586536299,0.5317196586536299,0.5317196586536299,0.0985396630826222
861,0.9203070745036352,1.0,0.9942342826610147,0.9024374439592866,0.8626567552744407,0.8185206221448851,0.7671880365040689,0.29542090207817684
862,1.0,1.0,1.0,1.0,1.0,1.0,1.0,0.4923021410737315
863,0.9219532764422717,0.9219532764422717,0.9219532764422717,0.9219532764422717,0.9219532764422717,0.9219532764422717,0.9219532764422717,0.41425541751600314
864,0.8439065528845433,0.8439065528845433,0.8439065528845433,0.8439065528845433,0.8439065528845433,0.8439065528845433,0.8439065528845433,0.3362086939582748
865,0.765859829326815,0.765859829326815,0.765859829326815,0.765859829326815,0.765859829326815,0.765859829326815,0.765859829326815,0.25816197040054645
866,0.6878131057690866,0.6878131057690866,0.6878131057690866,0.6878131057690866,0.6878131057690866,0.6878131057690866,0.6878131057690866,0.1801152468428181
867,0.6097663822113583,0.6097663822113583,0.6097663822113583,0.6097663822113583,0.6097663822113583,0.6097663822113583,0.6097663822113583,0.10206852328508977
868,0.5317196586536299,0.5317196586536299,0.5317196586536299,0.5317196586536299,0.5317196586536299,0.5317196586536299,0.5317196586536299,0.02402179972736143
869,0.45367293509590156,0.45367293509590156,0.45367293509590156,0.45367293509590156,0.45367293509590156,0.45367293509590156,0.45367293509590156,-0.0540249238303669
870,0.7861541915498473,0.8731382255721455,0.6505541740914562,0.7230258502340411,1.0,1.0,0.549269831541311,0.9459750761696331
871,1.0,1.0,0.8474354130870109,0.9923787653721806,1.0,1.0,0.6448667279867205,1.0
872,0.9219532764422717,0.9219532764422717,0.7693886895292825,0.9143320418144523,0.9219532764422717,0.9219532764422717,0.5668200044289922,0.9219532764422717
873,0.8439065528845433,0.8439065528845433,0.6913419659715542,0.8362853182567239,0.8439065528845433,0.8439065528845433,0.4887732808712638,0.8439065528845433
874,0.765859829326815,0.765859829326815,0.6132952424138258,0.7582385946989956,0.765859829326815,0.765859829326815,0.41072655731353547,0.765859829326815
875,0.6878131057690866,0.6878131057690866,0.5352485188560975,0.6801918711412672,0.6878131057690866,0.6878131057690866,0.3326798337558071,0.6878131057690866
876,0.6097663822113583,0.6097663822113583,0.45720179529836913,0.6021451475835389,0.6097663822113583,0.6097663822113583,0.25463311019807877,0.6097663822113583
877,0.5317196586536299,0.5317196586536299,0.3791550717406408,0.5240984240258105,0.5317196586536299,0.5317196586536299,0.17658638664035042,0.5317196586536299
878,0.45367293509590156,0.45367293509590156,0.30110834818291243,0.4460517004680822,0.45367293509590156,0.45367293509590156,0.09853966308262209,0.45367293509590156
879,0.3756262115381732,0.3756262115381732,0.22306162462518409,0.36800497691035383,0.3756262115381732,0.3756262115381732,0.020492939524893755,0.3756262115381732
880,0.29757948798044487,0.29757948798044487,0.14501490106745574,0.2899582533526255,0.29757948798044487,0.29757948798044487,-0.05755378403283458,0.29757948798044487
881,0.6196230184401398,0.6451145825170245,0.3804832789178947,0.8639602418917011,0.9055554286023744,0.7754533327803178,0.9424462159671654,0.3931763844258544
882,0.9416665488998347,0.9926496770536041,0.6159516567683336,1.0,1.0,1.0,1.0,0.4887732808712639
883,0.8636198253421064,0.9146029534958757,0.5379049332106053,0.9219532764422717,0.9219532764422717,0.9219532764422717,0.9219532764422717,0.4107265573135356
884,0.785573101784378,0.8365562299381474,0.45985820965287694,0.8439065528845433,0.8439065528845433,0.8439065528845433,0.8439065528845433,0.33267983375580723
885,0.7075263782266497,0.758509506380419,0.3818114860951486,0.765859829326815,0.765859829326815,0.765859829326815,0.765859829326815,0.2546331101980789
886,0.6294796546689213,0.6804627828226907,0.30376476253742024,0.6878131057690866,0.6878131057690866,0.6878131057690866,0.6878131057690866,0.17658638664035053
887,0.551432931111193,0.6024160592649623,0.2257180389796919,0.6097663822113583,0.6097663822113583,0.6097663822113583,0.6097663822113583,0.0985396630826222
888,0.4733862075534646,0.524369335707234,0.14767131542196354,0.5317196586536299,0.5317196586536299,0.5317196586536299,0.5317196586536299,0.020492939524893866
889,0.39533948399573626,0.44632261214950564,0.06962459186423521,0.45367293509590156,0.45367293509590156,0.45367293509590156,0.45367293509590156,-0.05755378403283447
890,0.727820740449682,0.8657879026257495,0.26650583085978985,0.7230258502340411,1.0,1.0,0.549269831541311,0.9424462159671655
891,1.0,1.0,0.4633870698553445,0.9923787653721806,1.0,1.0,0.6448667279867205,1.0
892,0.9219532764422717,0.9219532764422717,0.38534034629761615,0.9143320418144523,0.9219532764422717,0.9219532764422717,0.5668200044289922,0.9219532764422717
893,0.8439065528845433,0.8439065528845433,0.3072936227398878,0.8362853182567239,0.8439065528845433,0.8439065528845433,0.4887732808712638,0.8439065528845433
894,0.765859829326815,0.765859829326815,0.22924689918215946,0.7582385946989956,0.765859829326815,0.765859829326815,0.41072655731353547,0.765859829326815
895,0.6878131057690866,0.6878131057690866,0.1512001756244311,0.6801918711412672,0.6878131057690866,0.6878131057690866,0.3326798337558071,0.6878131057690866
896,0.6097663822113583,0.6097663822113583,0.07315345206670278,0.6021451475835389,0.6097663822113583,0.6097663822113583,0.25463311019807877,0.6097663822113583
897,0.5317196586536299,0.5317196586536299,-0.004893271491025558,0.5240984240258105,0.5317196586536299,0.5317196586536299,0.17658638664035042,0.5317196586536299
898,0.9203070745036352,1.0,0.9951067285089744,0.8948162093314672,0.8626567552744407,0.8185206221448851,0.41205476449078937,0.7286008976491846
899,1.0,1.0,1.0,1.0,1.0,1.0,0.6475231423412283,0.9254821366447393
900,0.9219532764422717,0.9219532764422717,0.9219532764422717,0.9219532764422717,0.9219532764422717,0.9219532764422717,0.5694764187835,0.847435413087011
901,0.8439065528845433,0.8439065528845433,0.8439065528845433,0.8439065528845433,0.8439065528845433,0.8439065528845433,0.4914296952257716,0.7693886895292826
902,0.765859829326815,0.765859829326815,0.765859829326815,0.765859829326815,0.765859829326815,0.765859829326815,0.4133829716680433,0.6913419659715543
903,0.6878131057690866,0.6878131057690866,0.6878131057690866,0.6878131057690866,0.6878131057690866,0.6878131057690866,0.3353362481103149,0.6132952424138259
904,0.6097663822113583,0.6097663822113583,0.6097663822113583,0.6097663822113583,0.6097663822113583,0.6097663822113583,0.2572895245525866,0.5352485188560976
905,0.5317196586536299,0.5317196586536299,0.5317196586536299,0.5317196586536299,0.5317196586536299,0.5317196586536299,0.17924280099485823,0.45720179529836924
906,0.45367293509590156,0.45367293509590156,0.45367293509590156,0.45367293509590156,0.45367293509590156,0.45367293509590156,0.1011960774371299,0.3791550717406409
907,0.3756262115381732,0.3756262115381732,0.3756262115381732,0.3756262115381732,0.3756262115381732,0.3756262115381732,0.023149353879401563,0.30110834818291254
908,0.29757948798044487,0.29757948798044487,0.29757948798044487,0.29757948798044487,0.29757948798044487,0.29757948798044487,-0.05489736967832677,0.2230616246251842
909,0.6196230184401398,0.6451145825170245,0.5330478658308838,0.8715814765195204,0.9055554286023744,0.7754533327803178,0.9451026303216732,0.3186585210705937
910,0.9416665488998347,0.9926496770536041,0.7685162436813228,1.0,1.0,1.0,1.0,0.41425541751600325
911,0.8636198253421064,0.9146029534958757,0.6904695201235944,0.9219532764422717,0.9219532764422717,0.9219532764422717,0.9219532764422717,0.3362086939582749
912,0.785573101784378,0.8365562299381474,0.6124227965658661,0.8439065528845433,0.8439065528845433,0.8439065528845433,0.8439065528845433,0.25816197040054656
913,0.7075263782266497,0.758509506380419,0.5343760730081377,0.765859829326815,0.765859829326815,0.765859829326815,0.765859829326815,0.1801152468428182
914,0.6294796546689213,0.6804627828226907,0.45632934945040937,0.6878131057690866,0.6878131057690866,0.6878131057690866,0.6878131057690866,0.10206852328508988
915,0.551432931111193,0.6024160592649623,0.378282625892681,0.6097663822113583,0.6097663822113583,0.6097663822113583,0.6097663822113583,0.024021799727361542
916,0.4733862075534646,0.524369335707234,0.3002359023349527,0.5317196586536299,0.5317196586536299,0.5317196586536299,0.5317196586536299,-0.05402492383036679
917,0.8058674640074104,0.9438346261834779,0.49711714133050733,0.8010725737917694,1.0,1.0,0.6273165550990395,0.9459750761696332
918,1.0,1.0,0.693998380326062,1.0,1.0,1.0,0.722913451544449,1.0
919,0.9219532764422717,0.9219532764422717,0.6159516567683336,0.9219532764422717,0.9219532764422717,0.9219532764422717,0.6448667279867206,0.9219532764422717
920,0.8439065528845433,0.8439065528845433,0.5379049332106053,0.8439065528845433,0.8439065528845433,0.8439065528845433,0.5668200044289923,0.8439065528845433
921,0.765859829326815,0.765859829326815,0.45985820965287694,0.765859829326815,0.765859829326815,0.765859829326815,0.4887732808712639,0.765859829326815
922,0.6878131057690866,0.6878131057690866,0.3818114860951486,0.6878131057690866,0.6878131057690866,0.6878131057690866,0.4107265573135356,0.6878131057690866
923,0.6097663822113583,0.6097663822113583,0.30376476253742024,0.6097663822113583,0.6097663822113583,0.6097663822113583,0.33267983375580723,0.6097663822113583
924,0.5317196586536299,0.5317196586536299,0.2257180389796919,0.5317196586536299,0.5317196586536299,0.5317196586536299,0.2546331101980789,0.5317196586536299
925,0.45367293509590156,0.45367293509590156,0.14767131542196354,0.45367293509590156,0.45367293509590156,0.45367293509590156,0.17658638664035053,0.45367293509590156
926,0.3756262115381732,0.3756262115381732,0.06962459186423521,0.3756262115381732,0.3756262115381732,0.3756262115381732,0.0985396630826222,0.3756262115381732
927,0.29757948798044487,0.29757948798044487,-0.008422131693493123,0.29757948798044487,0.29757948798044487,0.29757948798044487,0.020492939524893866,0.29757948798044487
928,0.6861669038304502,0.7800404773483021,0.9915778683065068,0.6682972732861016,0.6285165846012556,0.5843804514717,0.2559613173753328,0.4944607269759995
929,1.0,1.0,1.0,1.0,0.9594536812220663,0.8711814149629552,0.49142969522577173,0.6913419659715542
930,0.9219532764422717,0.9219532764422717,0.9219532764422717,0.9219532764422717,0.881406957664338,0.7931346914052269,0.4133829716680434,0.6132952424138258
931,0.8439065528845433,0.8439065528845433,0.8439065528845433,0.8439065528845433,0.8033602341066096,0.7150879678474985,0.33533624811031504,0.5352485188560975
932,0.765859829326815,0.765859829326815,0.765859829326815,0.765859829326815,0.7253135105488813,0.6370412442897702,0.2572895245525867,0.45720179529836913
933,0.6878131057690866,0.6878131057690866,0.6878131057690866,0.6878131057690866,0.6472667869911529,0.5589945207320418,0.17924280099485834,0.3791550717406408
934,0.6097663822113583,0.6097663822113583,0.6097663822113583,0.6097663822113583,0.5692200634334246,0.48094779717431346,0.10119607743713001,0.30110834818291243
935,0.5317196586536299,0.5317196586536299,0.5317196586536299,0.5317196586536299,0.4911733398756962,0.4029010736165851,0.023149353879401674,0.22306162462518409
936,0.45367293509590156,0.45367293509590156,0.45367293509590156,0.45367293509590156,0.4131266163179679,0.32485435005885677,-0.05489736967832666,0.14501490106745574
937,0.7757164655555965,0.8012080296324812,0.6891413129463405,1.0,1.0,0.8027281948587297,0.9451026303216733,0.24061179751286527
938,1.0,1.0,0.9246096907967795,1.0,1.0,1.0,1.0,0.3362086939582748
939,0.9219532764422717,0.9219532764422717,0.8465629672390511,0.9219532764422717,0.9219532764422717,0.9219532764422717,0.9219532764422717,0.25816197040054645
940,0.8439065528845433,0.8439065528845433,0.7685162436813228,0.8439065528845433,0.8439065528845433,0.8439065528845433,0.8439065528845433,0.1801152468428181
941,0.765859829326815,0.765859829326815,0.6904695201235944,0.765859829326815,0.765859829326815,0.765859829326815,0.765859829326815,0.10206852328508977
942,0.6878131057690866,0.6878131057690866,0.6124227965658661,0.6878131057690866,0.6878131057690866,0.6878131057690866,0.6878131057690866,0.02402179972736143
943,0.6097663822113583,0.6097663822113583,0.5343760730081377,0.6097663822113583,0.6097663822113583,0.6097663822113583,0.6097663822113583,-0.0540249238303669
944,0.9422476386653039,1.0,0.7312573120036924,0.8791192973494978,1.0,1.0,0.7053632786567677,0.9459750761696331
945,1.0,1.0,0.9281385509992469,1.0,1.0,1.0,0.8009601751021772,1.0
946,0.9219532764422717,0.9219532764422717,0.8500918274415186,0.9219532764422717,0.9219532764422717,0.9219532764422717,0.7229134515444489,0.9219532764422717
947,0.8439065528845433,0.8439065528845433,0.7720451038837902,0.8439065528845433,0.8439065528845433,0.8439065528845433,0.6448667279867205,0.8439065528845433
948,0.765859829326815,0.765859829326815,0.6939983803260619,0.765859829326815,0.765859829326815,0.765859829326815,0.5668200044289922,0.765859829326815
949,0.6878131057690866,0.6878131057690866,0.6159516567683335,0.6878131057690866,0.6878131057690866,0.6878131057690866,0.4887732808712638,0.6878131057690866
950,0.6097663822113583,0.6097663822113583,0.5379049332106052,0.6097663822113583,0.6097663822113583,0.6097663822113583,0.41072655731353547,0.6097663822113583
951,0.5317196586536299,0.5317196586536299,0.4598582096528768,0.5317196586536299,0.5317196586536299,0.5317196586536299,0.3326798337558071,0.5317196586536299
952,0.45367293509590156,0.45367293509590156,0.3818114860951485,0.45367293509590156,0.45367293509590156,0.45367293509590156,0.25463311019807877,0.45367293509590156
953,0.3756262115381732,0.3756262115381732,0.30376476253742013,0.3756262115381732,0.3756262115381732,0.3756262115381732,0.17658638664035042,0.3756262115381732
954,0.29757948798044487,0.29757948798044487,0.22571803897969178,0.29757948798044487,0.29757948798044487,0.29757948798044487,0.09853966308262209,0.29757948798044487
955,0.21953276442271652,0.21953276442271652,0.14767131542196343,0.21953276442271652,0.21953276442271652,0.21953276442271652,0.020492939524893755,0.21953276442271652
956,0.14148604086498817,0.14148604086498817,0.0696245918642351,0.14148604086498817,0.14148604086498817,0.14148604086498817,-0.05755378403283458,0.14148604086498817
957,0.4635295713246831,0.4890211354015678,0.30509296971467403,0.7154880294040638,0.7494619814869177,0.6193598856648611,0.9424462159671654,0.2370829373103977
958,0.785573101784378,0.8365562299381474,0.540561347565113,1.0,1.0,1.0,1.0,0.33267983375580723
959,0.7075263782266497,0.758509506380419,0.46251462400738463,0.9219532764422717,0.9219532764422717,0.9219532764422717,0.9219532764422717,0.2546331101980789
960,0.6294796546689213,0.6804627828226907,0.3844679004496563,0.8439065528845433,0.8439065528845433,0.8439065528845433,0.8439065528845433,0.17658638664035053
961,0.551432931111193,0.6024160592649623,0.30642117689192794,0.765859829326815,0.765859829326815,0.765859829326815,0.765859829326815,0.0985396630826222
962,0.4733862075534646,0.524369335707234,0.2283744533341996,0.6878131057690866,0.6878131057690866,0.6878131057690866,0.6878131057690866,0.020492939524893866
963,0.39533948399573626,0.44632261214950564,0.15032772977647124,0.6097663822113583,0.6097663822113583,0.6097663822113583,0.6097663822113583,-0.05755378403283447
964,0.727820740449682,0.8657879026257495,0.3472089687720259,0.8791192973494978,1.0,1.0,0.7053632786567677,0.9424462159671655
965,1.0,1.0,0.5440902077675805,1.0,1.0,1.0,0.8009601751021772,1.0
966,0.9219532764422717,0.9219532764422717,0.4660434842098522,0.9219532764422717,0.9219532764422717,0.9219532764422717,0.7229134515444489,0.9219532764422717
967,0.8439065528845433,0.8439065528845433,0.38799676065212385,0.8439065528845433,0.8439065528845433,0.8439065528845433,0.6448667279867205,0.8439065528845433
968,0.765859829326815,0.765859829326815,0.3099500370943955,0.765859829326815,0.765859829326815,0.765859829326815,0.5668200044289922,0.765859829326815
969,0.6878131057690866,0.6878131057690866,0.23190331353666715,0.6878131057690866,0.6878131057690866,0.6878131057690866,0.4887732808712638,0.6878131057690866
970,0.6097663822113583,0.6097663822113583,0.1538565899789388,0.6097663822113583,0.6097663822113583,0.6097663822113583,0.41072655731353547,0.6097663822113583
971,0.5317196586536299,0.5317196586536299,0.07580986642121047,0.5317196586536299,0.5317196586536299,0.5317196586536299,0.3326798337558071,0.5317196586536299
972,0.45367293509590156,0.45367293509590156,-0.0022368571365178613,0.45367293509590156,0.45367293509590156,0.45367293509590156,0.25463311019807877,0.45367293509590156
973,0.8422603509459069,0.9361339244637589,0.9977631428634821,0.8243907204015583,0.7846100317167123,0.7404738985871567,0.4901014880485177,0.6505541740914562
974,1.0,1.0,1.0,1.0,1.0,1.0,0.7255698658989567,0.8474354130870109
975,0.9219532764422717,0.9219532764422717,0.9219532764422717,0.9219532764422717,0.9219532764422717,0.9219532764422717,0.6475231423412283,0.7693886895292825
976,0.8439065528845433,0.8439065528845433,0.8439065528845433,0.8439065528845433,0.8439065528845433,0.8439065528845433,0.5694764187835,0.6913419659715542
977,0.765859829326815,0.765859829326815,0.765859829326815,0.765859829326815,0.765859829326815,0.765859829326815,0.4914296952257716,0.6132952424138258
978,0.6878131057690866,0.6878131057690866,0.6878131057690866,0.6878131057690866,0.6878131057690866,0.6878131057690866,0.4133829716680433,0.5352485188560975
979,0.6097663822113583,0.6097663822113583,0.6097663822113583,0.6097663822113583,0.6097663822113583,0.6097663822113583,0.3353362481103149,0.45720179529836913
980,0.5317196586536299,0.5317196586536299,0.5317196586536299,0.5317196586536299,0.5317196586536299,0.5317196586536299,0.2572895245525866,0.3791550717406408
981,0.45367293509590156,0.45367293509590156,0.45367293509590156,0.45367293509590156,0.45367293509590156,0.45367293509590156,0.17924280099485823,0.30110834818291243
982,0.3756262115381732,0.3756262115381732,0.3756262115381732,0.3756262115381732,0.3756262115381732,0.3756262115381732,0.1011960774371299,0.22306162462518409
983,0.29757948798044487,0.29757948798044487,0.29757948798044487,0.29757948798044487,0.29757948798044487,0.29757948798044487,0.023149353879401563,0.14501490106745574
984,0.21953276442271652,0.21953276442271652,0.21953276442271652,0.21953276442271652,0.21953276442271652,0.21953276442271652,-0.05489736967832677,0.0669681775097274
985,0.5415762948824114,0.5670678589592962,0.45500114227315547,0.7935347529617921,0.827508705044646,0.6974066092225895,0.9451026303216732,0.16256507395513692
986,0.8636198253421064,0.9146029534958758,0.6904695201235944,1.0,1.0,1.0,1.0,0.25816197040054645
987,0.785573101784378,0.8365562299381475,0.6124227965658661,0.9219532764422717,0.9219532764422717,0.9219532764422717,0.9219532764422717,0.1801152468428181
988,0.7075263782266497,0.7585095063804191,0.5343760730081377,0.8439065528845433,0.8439065528845433,0.8439065528845433,0.8439065528845433,0.10206852328508977
989,0.6294796546689213,0.6804627828226908,0.45632934945040937,0.765859829326815,0.765859829326815,0.765859829326815,0.765859829326815,0.02402179972736143
990,0.551432931111193,0.6024160592649624,0.378282625892681,0.6878131057690866,0.6878131057690866,0.6878131057690866,0.6878131057690866,-0.0540249238303669
991,0.8839141875651387,1.0,0.5751638648882357,0.9571660209072262,1.0,1.0,0.7834100022144962,0.9459750761696331
992,1.0,1.0,0.7720451038837903,1.0,1.0,1.0,0.8790068986599057,1.0
993,0.9219532764422717,0.9219532764422717,0.693998380326062,0.9219532764422717,0.9219532764422717,0.9219532764422717,0.8009601751021773,0.9219532764422717
994,0.8439065528845433,0.8439065528845433,0.6159516567683336,0.8439065528845433,0.8439065528845433,0.8439065528845433,0.722913451544449,0.8439065528845433
995,0.765859829326815,0.765859829326815,0.5379049332106053,0.765859829326815,0.765859829326815,0.765859829326815,0.6448667279867206,0.765859829326815
996,0.6878131057690866,0.6878131057690866,0.45985820965287694,0.6878131057690866,0.6878131057690866,0.6878131057690866,0.5668200044289923,0.6878131057690866
997,0.6097663822113583,0.6097663822113583,0.3818114860951486,0.6097663822113583,0.6097663822113583,0.6097663822113583,0.4887732808712639,0.6097663822113583
998,0.5317196586536299,0.5317196586536299,0.30376476253742024,0.5317196586536299,0.5317196586536299,0.5317196586536299,0.4107265573135356,0.5317196586536299
999,0.45367293509590156,0.45367293509590156,0.2257180389796919,0.45367293509590156,0.45367293509590156,0.45367293509590156,0.33267983375580723,0.45367293509590156
