step,motive_1,motive_2,motive_3,motive_4,motive_5,motive_6,motive_7,motive_8
0,0.8084836570019356,0.030392661498100826,1.0,0.8741035307147175,-0.5303046734170084,0.6706355915598808,0.40106036445091403,0.6414343204335703
1,1.0,-0.04074143055473152,1.0,1.0,-0.8173755314785545,0.772064046678692,0.5238793303505319,1.0
2,0.7129291419384539,-0.022258921551794097,1.0,1.0,0.18262446852144554,0.8781879805287593,0.259445545459774,1.0
3,0.42585828387690783,-0.003776412548856675,1.0,1.0,1.0,0.9843119143788267,-0.004988239430983907,1.0
4,0.5486772497765257,0.21292224305381552,1.0,1.0,0.735566215109242,1.0,0.9950117605690161,1.0
5,0.6714962156761436,0.4296208986564877,1.0,1.0,0.47113243021848417,1.0,1.0,1.0
6,0.6297165106504312,0.38784119363077535,0.9582202949742876,0.9582202949742876,0.4293527251927718,0.9582202949742876,0.9582202949742876,0.9582202949742876
7,0.5879368056247188,0.346061488605063,0.9164405899485752,0.9164405899485752,0.3875730201670594,0.9164405899485752,0.9164405899485752,0.9164405899485752
8,0.5461571005990065,0.3042817835793506,0.8746608849228629,0.8746608849228629,0.34579331514134704,0.8746608849228629,0.8746608849228629,0.8746608849228629
9,0.5043773955732941,0.2625020785536382,0.8328811798971505,0.8328811798971505,0.30401361011563466,0.8328811798971505,0.8328811798971505,0.8328811798971505
10,0.4625976905475817,0.22072237352792584,0.7911014748714381,0.7911014748714381,0.2622339050899223,0.7911014748714381,0.7911014748714381,0.7911014748714381
11,0.42081798552186933,0.17894266850221346,0.7493217698457257,0.7493217698457257,0.2204542000642099,0.7493217698457257,0.7493217698457257,0.7493217698457257
12,0.37903828049615695,0.1371629634765011,0.7075420648200134,0.7075420648200134,0.17867449503849753,0.7075420648200134,0.7075420648200134,0.7075420648200134
13,0.3372585754704446,0.09538325845078872,0.665762359794301,0.665762359794301,0.13689479001278515,0.665762359794301,0.665762359794301,0.665762359794301
14,0.2954788704447322,0.05360355342507636,0.6239826547685886,0.6239826547685886,0.09511508498707279,0.6239826547685886,0.6239826547685886,0.6239826547685886
15,0.2536991654190198,0.011823848399363998,0.5822029497428762,0.5822029497428762,0.053335379961360424,0.5822029497428762,0.5822029497428762,0.5822029497428762
16,0.21191946039330745,-0.029955856626348365,0.5404232447171639,0.5404232447171639,0.011555674935648061,0.5404232447171639,0.5404232447171639,0.5404232447171639
17,0.14078536834047511,0.9700441433736516,0.5922756313569638,0.24740419717050427,0.030038183938585483,0.7223899643773867,0.7571219003198361,0.4496739792444201
18,0.06965127628764277,1.0,0.6441280179967638,-0.0456148503761553,0.048520692941522905,0.9043566840376095,0.9738205559225083,0.35892471377167634
19,0.4118294714211707,0.7069809524533405,0.8090449365186353,0.9543851496238447,0.38359068598131035,1.0,1.0,0.5292270891012397
20,0.7540076665546986,0.4139619049066809,0.9739618550405068,1.0,0.7186606790210978,1.0,1.0,0.6995294644308031
21,0.7122279615289863,0.3721821998809685,0.9321821500147944,0.9582202949742876,0.6768809739953854,0.9582202949742876,0.9582202949742876,0.6577497594050907
22,0.6704482565032739,0.33040249485525613,0.890402444989082,0.9164405899485752,0.635101268969673,0.9164405899485752,0.9164405899485752,0.6159700543793784
23,0.6286685514775615,0.28862278982954376,0.8486227399633697,0.8746608849228629,0.5933215639439606,0.8746608849228629,0.8746608849228629,0.574190349353666
24,0.5868888464518491,0.24684308480383138,0.8068430349376573,0.8328811798971505,0.5515418589182483,0.8328811798971505,0.8328811798971505,0.5324106443279536
25,0.5451091414261368,0.205063379778119,0.7650633299119449,0.7911014748714381,0.5097621538925359,0.7911014748714381,0.7911014748714381,0.4906309393022412
26,0.5033294364004244,0.16328367475240663,0.7232836248862325,0.7493217698457257,0.4679824488668235,0.7493217698457257,0.7493217698457257,0.44885123427652884
27,0.461549731374712,0.12150396972669426,0.6815039198605202,0.7075420648200134,0.4262027438411111,0.7075420648200134,0.7075420648200134,0.40707152925081647
28,0.4197700263489996,0.0797242647009819,0.6397242148348078,0.665762359794301,0.38442303881539874,0.665762359794301,0.665762359794301,0.3652918242251041
29,0.37799032132328725,0.03794455967526954,0.5979445098090954,0.6239826547685886,0.34264333378968637,0.6239826547685886,0.6239826547685886,0.3235121191993917
30,0.33621061629757487,-0.0038351453504428257,0.556164804783383,0.5822029497428762,0.300863628763974,0.5822029497428762,0.5822029497428762,0.28173241417367934
31,0.2650765242447425,0.9961648546495572,0.608017191423183,0.28918390219621665,0.3193461377669114,0.764169669403099,0.7989016053455484,0.19098314870093558
32,0.19394243219191015,1.0,0.659869578062983,-0.003835145350442923,0.3378286467698488,0.9461363890633219,1.0,0.10023388322819181
33,0.5361206273254381,0.7069809524533405,0.8247864965848545,0.9961648546495571,0.6728986398096363,1.0,1.0,0.2705362585577552
34,0.878298822458966,0.4139619049066809,0.989703415106726,1.0,1.0,1.0,1.0,0.4408386338873186
35,0.8365191174332536,0.3721821998809685,0.9479237100810136,0.9582202949742876,0.9582202949742876,0.9582202949742876,0.9582202949742876,0.3990589288616062
36,0.7947394124075412,0.33040249485525613,0.9061440050553012,0.9164405899485752,0.9164405899485752,0.9164405899485752,0.9164405899485752,0.35727922383589383
37,0.7529597073818288,0.28862278982954376,0.8643643000295889,0.8746608849228629,0.8746608849228629,0.8746608849228629,0.8746608849228629,0.31549951881018146
38,0.7111800023561164,0.24684308480383138,0.8225845950038765,0.8328811798971505,0.8328811798971505,0.8328811798971505,0.8328811798971505,0.2737198137844691
39,0.6694002973304041,0.205063379778119,0.7808048899781641,0.7911014748714381,0.7911014748714381,0.7911014748714381,0.7911014748714381,0.2319401087587567
40,0.6276205923046917,0.16328367475240663,0.7390251849524517,0.7493217698457257,0.7493217698457257,0.7493217698457257,0.7493217698457257,0.19016040373304433
41,0.5858408872789793,0.12150396972669426,0.6972454799267394,0.7075420648200134,0.7075420648200134,0.7075420648200134,0.7075420648200134,0.14838069870733195
42,0.5440611822532669,0.0797242647009819,0.655465774901027,0.665762359794301,0.665762359794301,0.665762359794301,0.665762359794301,0.10660099368161959
43,0.5022814772275546,0.03794455967526954,0.6136860698753146,0.6239826547685886,0.6239826547685886,0.6239826547685886,0.6239826547685886,0.06482128865590722
44,0.4605017722018422,-0.0038351453504428257,0.5719063648496022,0.5822029497428762,0.5822029497428762,0.5822029497428762,0.5822029497428762,0.02304158363019486
45,0.3893676801490098,0.9961648546495572,0.6237587514894022,0.28918390219621665,0.6006854587458136,0.764169669403099,0.7989016053455484,-0.06770768184254891
46,0.3182335880961774,1.0,0.6756111381292021,-0.003835145350442923,0.619167967748751,0.9461363890633219,1.0,-0.1584569473152927
47,0.7969834210843996,0.9092507345272562,0.608678834035276,0.16646722997912045,0.8389785235578741,1.0,1.0,0.8415430526847073
48,1.0,0.8185014690545125,0.5417465299413499,0.33676960530868383,1.0,1.0,1.0,1.0
49,0.9582202949742876,0.7767217640288001,0.4999668249156375,0.29498990028297145,0.9582202949742876,0.9582202949742876,0.9582202949742876,0.9582202949742876
50,0.9164405899485752,0.7349420590030877,0.4581871198899251,0.2532101952572591,0.9164405899485752,0.9164405899485752,0.9164405899485752,0.9164405899485752
51,0.8746608849228629,0.6931623539773754,0.41640741486421273,0.2114304902315467,0.8746608849228629,0.8746608849228629,0.8746608849228629,0.8746608849228629
52,0.8328811798971505,0.651382648951663,0.37462770983850036,0.16965078520583432,0.8328811798971505,0.8328811798971505,0.8328811798971505,0.8328811798971505
53,0.7911014748714381,0.6096029439259506,0.332848004812788,0.12787108018012194,0.7911014748714381,0.7911014748714381,0.7911014748714381,0.7911014748714381
54,0.7493217698457257,0.5678232389002382,0.2910682997870756,0.08609137515440958,0.7493217698457257,0.7493217698457257,0.7493217698457257,0.7493217698457257
55,0.7075420648200134,0.5260435338745258,0.24928859476136322,0.04431167012869722,0.7075420648200134,0.7075420648200134,0.7075420648200134,0.7075420648200134
56,0.665762359794301,0.48426382884881347,0.20750888973565085,0.002531965102984854,0.665762359794301,0.665762359794301,0.665762359794301,0.665762359794301
57,0.6239826547685886,0.4424841238231011,0.16572918470993847,-0.03924773992272751,0.6239826547685886,0.6239826547685886,0.6239826547685886,0.6239826547685886
58,0.9661608499021165,0.1494650762764415,0.33064610323180993,0.9607522600772724,0.9590526478083762,0.9225522928093118,0.7387933629938584,0.794285030098152
59,1.0,-0.14355397127021807,0.4955630217536814,1.0,1.0,1.0,0.8536040712191283,0.9645874054277154
60,0.9288659079471676,0.8564460287297819,0.5474154083934814,0.7069809524533405,1.0,1.0,1.0,0.8738381399549716
61,0.8577318158943352,1.0,0.5992677950332813,0.4139619049066809,1.0,1.0,1.0,0.7830888744822279
62,0.8159521108686228,0.9582202949742876,0.5574880900075689,0.3721821998809685,0.9582202949742876,0.9582202949742876,0.9582202949742876,0.7413091694565155
63,0.7741724058429105,0.9164405899485752,0.5157083849818566,0.33040249485525613,0.9164405899485752,0.9164405899485752,0.9164405899485752,0.6995294644308031
64,0.7323927008171981,0.8746608849228629,0.4739286799561442,0.28862278982954376,0.8746608849228629,0.8746608849228629,0.8746608849228629,0.6577497594050907
65,0.6906129957914857,0.8328811798971505,0.4321489749304318,0.24684308480383138,0.8328811798971505,0.8328811798971505,0.8328811798971505,0.6159700543793784
66,0.6488332907657733,0.7911014748714381,0.39036926990471943,0.205063379778119,0.7911014748714381,0.7911014748714381,0.7911014748714381,0.574190349353666
67,0.607053585740061,0.7493217698457257,0.34858956487900705,0.16328367475240663,0.7493217698457257,0.7493217698457257,0.7493217698457257,0.5324106443279536
68,0.5652738807143486,0.7075420648200134,0.3068098598532947,0.12150396972669426,0.7075420648200134,0.7075420648200134,0.7075420648200134,0.4906309393022412
69,0.5234941756886362,0.665762359794301,0.2650301548275823,0.0797242647009819,0.665762359794301,0.665762359794301,0.665762359794301,0.44885123427652884
70,0.48171447066292383,0.6239826547685886,0.22325044980186992,0.03794455967526954,0.6239826547685886,0.6239826547685886,0.6239826547685886,0.40707152925081647
71,0.43993476563721146,0.5822029497428762,0.18147074477615754,-0.0038351453504428257,0.5822029497428762,0.5822029497428762,0.5822029497428762,0.3652918242251041
72,0.7821129607707394,0.28918390219621665,0.346387663298029,0.9961648546495572,0.9172729427826637,0.8807725877835993,0.6970136579681462,0.5355941995546675
73,1.0,-0.003835145350442923,0.5113045818199005,1.0,1.0,1.0,0.811824366193416,0.7058965748842309
74,0.9288659079471676,0.9961648546495571,0.5631569684597004,0.7069809524533405,1.0,1.0,1.0,0.6151473094114871
75,0.8577318158943352,1.0,0.6150093550995004,0.4139619049066809,1.0,1.0,1.0,0.5243980439387433
76,0.8159521108686228,0.9582202949742876,0.573229650073788,0.3721821998809685,0.9582202949742876,0.9582202949742876,0.9582202949742876,0.48261833891303096
77,0.7741724058429105,0.9164405899485752,0.5314499450480756,0.33040249485525613,0.9164405899485752,0.9164405899485752,0.9164405899485752,0.4408386338873186
78,0.7323927008171981,0.8746608849228629,0.48967024002236326,0.28862278982954376,0.8746608849228629,0.8746608849228629,0.8746608849228629,0.3990589288616062
79,0.6906129957914857,0.8328811798971505,0.4478905349966509,0.24684308480383138,0.8328811798971505,0.8328811798971505,0.8328811798971505,0.35727922383589383
80,0.6488332907657733,0.7911014748714381,0.4061108299709385,0.205063379778119,0.7911014748714381,0.7911014748714381,0.7911014748714381,0.31549951881018146
81,0.607053585740061,0.7493217698457257,0.3643311249452261,0.16328367475240663,0.7493217698457257,0.7493217698457257,0.7493217698457257,0.2737198137844691
82,0.5652738807143486,0.7075420648200134,0.32255141991951375,0.12150396972669426,0.7075420648200134,0.7075420648200134,0.7075420648200134,0.2319401087587567
83,0.5234941756886362,0.665762359794301,0.28077171489380137,0.0797242647009819,0.665762359794301,0.665762359794301,0.665762359794301,0.19016040373304433
84,0.48171447066292383,0.6239826547685886,0.238992009868089,0.03794455967526954,0.6239826547685886,0.6239826547685886,0.6239826547685886,0.14838069870733195
85,0.43993476563721146,0.5822029497428762,0.19721230484237662,-0.0038351453504428257,0.5822029497428762,0.5822029497428762,0.5822029497428762,0.10660099368161959
86,0.7821129607707394,0.28918390219621665,0.3621292233642481,0.9961648546495572,0.9172729427826637,0.8807725877835993,0.6970136579681462,0.27690336901118295
87,1.0,-0.003835145350442923,0.5270461418861195,1.0,1.0,1.0,0.811824366193416,0.44720574434074634
88,0.9288659079471676,0.9961648546495571,0.5788985285259195,0.7069809524533405,1.0,1.0,1.0,0.3564564788680026
89,0.8577318158943352,1.0,0.6307509151657195,0.4139619049066809,1.0,1.0,1.0,0.2657072133952588
90,0.8159521108686228,0.9582202949742876,0.5889712101400071,0.3721821998809685,0.9582202949742876,0.9582202949742876,0.9582202949742876,0.22392750836954645
91,0.7741724058429105,0.9164405899485752,0.5471915051142947,0.33040249485525613,0.9164405899485752,0.9164405899485752,0.9164405899485752,0.18214780334383407
92,0.7323927008171981,0.8746608849228629,0.5054118000885823,0.28862278982954376,0.8746608849228629,0.8746608849228629,0.8746608849228629,0.1403680983181217
93,0.6906129957914857,0.8328811798971505,0.46363209506286995,0.24684308480383138,0.8328811798971505,0.8328811798971505,0.8328811798971505,0.09858839329240933
94,0.6488332907657733,0.7911014748714381,0.4218523900371576,0.205063379778119,0.7911014748714381,0.7911014748714381,0.7911014748714381,0.056808688266696966
95,0.607053585740061,0.7493217698457257,0.3800726850114452,0.16328367475240663,0.7493217698457257,0.7493217698457257,0.7493217698457257,0.015028983240984603
96,0.5652738807143486,0.7075420648200134,0.3382929799857328,0.12150396972669426,0.7075420648200134,0.7075420648200134,0.7075420648200134,-0.02675072178472776
97,1.0,0.6167927993472696,0.2713606758918067,0.29180634505625763,0.9273526206291364,1.0,0.9717985072968881,0.9732492782152722
98,1.0,0.5260435338745258,0.20442837179788054,0.46210872038582107,1.0,1.0,1.0,1.0
99,0.9582202949742876,0.48426382884881347,0.16264866677216816,0.4203290153601087,0.9582202949742876,0.9582202949742876,0.9582202949742876,0.9582202949742876
100,0.9164405899485752,0.4424841238231011,0.1208689617464558,0.3785493103343963,0.9164405899485752,0.9164405899485752,0.9164405899485752,0.9164405899485752
101,0.8746608849228629,0.4007044187973887,0.07908925672074343,0.33676960530868394,0.8746608849228629,0.8746608849228629,0.8746608849228629,0.8746608849228629
102,0.8328811798971505,0.35892471377167634,0.03730955169503107,0.29498990028297156,0.8328811798971505,0.8328811798971505,0.8328811798971505,0.8328811798971505
103,0.7911014748714381,0.31714500874596396,-0.004470153330681292,0.2532101952572592,0.7911014748714381,0.7911014748714381,0.7911014748714381,0.7911014748714381
104,1.0,0.368997395385764,0.9955298466693188,0.41812711377913064,1.0,0.8289379386785545,0.9771185787580591,0.724169170777512
105,1.0,0.420849782025564,1.0,0.5830440323010021,1.0,0.8667744024856708,1.0,0.6572368666835858
106,0.9582202949742876,0.3790700769998516,0.9582202949742876,0.5412643272752897,0.9582202949742876,0.8249946974599585,0.9582202949742876,0.6154571616578735
107,0.9164405899485752,0.33729037197413925,0.9164405899485752,0.49948462224957735,0.9164405899485752,0.7832149924342461,0.9164405899485752,0.5736774566321611
108,0.8746608849228629,0.29551066694842687,0.8746608849228629,0.45770491722386497,0.8746608849228629,0.7414352874085337,0.8746608849228629,0.5318977516064487
109,0.8328811798971505,0.2537309619227145,0.8328811798971505,0.4159252121981526,0.8328811798971505,0.6996555823828213,0.8328811798971505,0.4901180465807363
110,0.7911014748714381,0.21195125689700212,0.7911014748714381,0.3741455071724402,0.7911014748714381,0.657875877357109,0.7911014748714381,0.44833834155502394
111,0.7493217698457257,0.17017155187128974,0.7493217698457257,0.33236580214672784,0.7493217698457257,0.6160961723313966,0.7493217698457257,0.40655863652931157
112,0.7075420648200134,0.12839184684557736,0.7075420648200134,0.29058609712101546,0.7075420648200134,0.5743164673056842,0.7075420648200134,0.3647789315035992
113,0.665762359794301,0.086612141819865,0.665762359794301,0.24880639209530309,0.665762359794301,0.5325367622799718,0.665762359794301,0.3229992264778868
114,0.6239826547685886,0.044832436794152636,0.6239826547685886,0.2070266870695907,0.6239826547685886,0.49075705725425944,0.6239826547685886,0.28121952145217444
115,0.5822029497428762,0.0030527317684402727,0.5822029497428762,0.16524698204387833,0.5822029497428762,0.44897735222854707,0.5822029497428762,0.23943981642646206
116,0.5404232447171639,-0.03872697325727209,0.5404232447171639,0.12346727701816597,0.5404232447171639,0.4071976472028347,0.5404232447171639,0.19766011140074968
117,0.46928915266433147,0.9612730267427279,0.5922756313569638,-0.16955177052849363,0.5589057537201013,0.5891643668630575,0.7571219003198361,0.10691084592800591
118,0.3981550606114991,1.0,0.6441280179967638,-0.4625708180751532,0.5773882627230388,0.7711310865232803,0.9738205559225083,0.016161580455262142
119,0.740333255745027,0.7069809524533405,0.8090449365186353,0.5374291819248468,0.9124582557628262,1.0,1.0,0.18646395578482555
120,1.0,0.4139619049066809,0.9739618550405068,1.0,1.0,1.0,1.0,0.35676633111438893
121,0.9582202949742876,0.3721821998809685,0.9321821500147944,0.9582202949742876,0.9582202949742876,0.9582202949742876,0.9582202949742876,0.31498662608867656
122,0.9164405899485752,0.33040249485525613,0.890402444989082,0.9164405899485752,0.9164405899485752,0.9164405899485752,0.9164405899485752,0.2732069210629642
123,0.8746608849228629,0.28862278982954376,0.8486227399633697,0.8746608849228629,0.8746608849228629,0.8746608849228629,0.8746608849228629,0.2314272160372518
124,0.8328811798971505,0.24684308480383138,0.8068430349376573,0.8328811798971505,0.8328811798971505,0.8328811798971505,0.8328811798971505,0.18964751101153943
125,0.7911014748714381,0.205063379778119,0.7650633299119449,0.7911014748714381,0.7911014748714381,0.7911014748714381,0.7911014748714381,0.14786780598582705
126,0.7493217698457257,0.16328367475240663,0.7232836248862325,0.7493217698457257,0.7493217698457257,0.7493217698457257,0.7493217698457257,0.10608810096011469
127,0.7075420648200134,0.12150396972669426,0.6815039198605202,0.7075420648200134,0.7075420648200134,0.7075420648200134,0.7075420648200134,0.06430839593440232
128,0.665762359794301,0.0797242647009819,0.6397242148348078,0.665762359794301,0.665762359794301,0.665762359794301,0.665762359794301,0.02252869090868996
129,0.6239826547685886,0.03794455967526954,0.5979445098090954,0.6239826547685886,0.6239826547685886,0.6239826547685886,0.6239826547685886,-0.019251014117022403
130,1.0,-0.05280470579747423,0.5310122057151693,0.794285030098152,0.8437932105777116,1.0,0.8882390972454633,0.9807489858829777
131,1.0,-0.14355397127021802,0.46407990162124313,0.9645874054277154,1.0,1.0,1.0,1.0
132,0.9288659079471676,0.8564460287297819,0.5159322882610431,0.6715683578810557,1.0,1.0,1.0,0.9092507345272562
133,0.8577318158943352,1.0,0.5677846749008431,0.37854931033439615,1.0,1.0,1.0,0.8185014690545125
134,0.8159521108686228,0.9582202949742876,0.5260049698751307,0.3367696053086838,0.9582202949742876,0.9582202949742876,0.9582202949742876,0.7767217640288001
135,0.7741724058429105,0.9164405899485752,0.4842252648494183,0.2949899002829714,0.9164405899485752,0.9164405899485752,0.9164405899485752,0.7349420590030877
136,0.7323927008171981,0.8746608849228629,0.4424455598237059,0.253210195257259,0.8746608849228629,0.8746608849228629,0.8746608849228629,0.6931623539773754
137,0.6906129957914857,0.8328811798971505,0.40066585479799355,0.21143049023154664,0.8328811798971505,0.8328811798971505,0.8328811798971505,0.651382648951663
138,0.6488332907657733,0.7911014748714381,0.35888614977228117,0.16965078520583426,0.7911014748714381,0.7911014748714381,0.7911014748714381,0.6096029439259506
139,0.607053585740061,0.7493217698457257,0.3171064447465688,0.1278710801801219,0.7493217698457257,0.7493217698457257,0.7493217698457257,0.5678232389002382
140,0.5652738807143486,0.7075420648200134,0.2753267397208564,0.08609137515440952,0.7075420648200134,0.7075420648200134,0.7075420648200134,0.5260435338745258
141,0.5234941756886362,0.665762359794301,0.23354703469514404,0.04431167012869716,0.665762359794301,0.665762359794301,0.665762359794301,0.48426382884881347
142,0.48171447066292383,0.6239826547685886,0.19176732966943166,0.0025319651029847984,0.6239826547685886,0.6239826547685886,0.6239826547685886,0.4424841238231011
143,0.43993476563721146,0.5822029497428762,0.1499876246437193,-0.039247739922727565,0.5822029497428762,0.5822029497428762,0.5822029497428762,0.4007044187973887
144,0.7821129607707394,0.28918390219621665,0.31490454316559074,0.9607522600772724,0.9172729427826637,0.8807725877835993,0.6970136579681462,0.5710067941269521
145,1.0,-0.003835145350442923,0.4798214616874622,1.0,1.0,1.0,0.811824366193416,0.7413091694565155
146,0.9288659079471676,0.9961648546495571,0.5316738483272622,0.7069809524533405,1.0,1.0,1.0,0.6505599039837717
147,0.8577318158943352,1.0,0.5835262349670621,0.4139619049066809,1.0,1.0,1.0,0.559810638511028
148,0.8159521108686228,0.9582202949742876,0.5417465299413498,0.3721821998809685,0.9582202949742876,0.9582202949742876,0.9582202949742876,0.5180309334853156
149,0.7741724058429105,0.9164405899485752,0.4999668249156374,0.33040249485525613,0.9164405899485752,0.9164405899485752,0.9164405899485752,0.4762512284596032
150,0.7323927008171981,0.8746608849228629,0.458187119889925,0.28862278982954376,0.8746608849228629,0.8746608849228629,0.8746608849228629,0.43447152343389084
151,0.6906129957914857,0.8328811798971505,0.4164074148642126,0.24684308480383138,0.8328811798971505,0.8328811798971505,0.8328811798971505,0.39269181840817846
152,0.6488332907657733,0.7911014748714381,0.37462770983850024,0.205063379778119,0.7911014748714381,0.7911014748714381,0.7911014748714381,0.3509121133824661
153,0.607053585740061,0.7493217698457257,0.33284800481278787,0.16328367475240663,0.7493217698457257,0.7493217698457257,0.7493217698457257,0.3091324083567537
154,0.5652738807143486,0.7075420648200134,0.2910682997870755,0.12150396972669426,0.7075420648200134,0.7075420648200134,0.7075420648200134,0.26735270333104133
155,0.5234941756886362,0.665762359794301,0.2492885947613631,0.0797242647009819,0.665762359794301,0.665762359794301,0.665762359794301,0.22557299830532895
156,0.48171447066292383,0.6239826547685886,0.20750888973565074,0.03794455967526954,0.6239826547685886,0.6239826547685886,0.6239826547685886,0.18379329327961658
157,0.43993476563721146,0.5822029497428762,0.16572918470993836,-0.0038351453504428257,0.5822029497428762,0.5822029497428762,0.5822029497428762,0.1420135882539042
158,0.7821129607707394,0.28918390219621665,0.3306461032318098,0.9961648546495572,0.9172729427826637,0.8807725877835993,0.6970136579681462,0.3123159635834676
159,1.0,-0.003835145350442923,0.4955630217536813,1.0,1.0,1.0,0.811824366193416,0.48261833891303096
160,0.9288659079471676,0.9961648546495571,0.5474154083934812,0.7069809524533405,1.0,1.0,1.0,0.3918690734402872
161,0.8577318158943352,1.0,0.5992677950332812,0.4139619049066809,1.0,1.0,1.0,0.30111980796754345
162,0.8159521108686228,0.9582202949742876,0.5574880900075688,0.3721821998809685,0.9582202949742876,0.9582202949742876,0.9582202949742876,0.2593401029418311
163,0.7741724058429105,0.9164405899485752,0.5157083849818564,0.33040249485525613,0.9164405899485752,0.9164405899485752,0.9164405899485752,0.2175603979161187
164,0.7323927008171981,0.8746608849228629,0.47392867995614407,0.28862278982954376,0.8746608849228629,0.8746608849228629,0.8746608849228629,0.17578069289040632
165,0.6906129957914857,0.8328811798971505,0.4321489749304317,0.24684308480383138,0.8328811798971505,0.8328811798971505,0.8328811798971505,0.13400098786469394
166,0.6488332907657733,0.7911014748714381,0.3903692699047193,0.205063379778119,0.7911014748714381,0.7911014748714381,0.7911014748714381,0.09222128283898158
167,0.607053585740061,0.7493217698457257,0.34858956487900694,0.16328367475240663,0.7493217698457257,0.7493217698457257,0.7493217698457257,0.05044157781326922
168,0.5652738807143486,0.7075420648200134,0.30680985985329456,0.12150396972669426,0.7075420648200134,0.7075420648200134,0.7075420648200134,0.008661872787556854
169,0.5234941756886362,0.665762359794301,0.2650301548275822,0.0797242647009819,0.665762359794301,0.665762359794301,0.665762359794301,-0.03311783223815551
170,1.0,0.5750130943215572,0.19809785073365604,0.2500266400305453,0.885572915603424,1.0,0.9300188022711757,0.9668821677618444
171,1.0,0.48426382884881347,0.1311655466397299,0.4203290153601087,1.0,1.0,1.0,1.0
172,0.9582202949742876,0.4424841238231011,0.08938584161401754,0.3785493103343963,0.9582202949742876,0.9582202949742876,0.9582202949742876,0.9582202949742876
173,0.9164405899485752,0.4007044187973887,0.047606136588305176,0.33676960530868394,0.9164405899485752,0.9164405899485752,0.9164405899485752,0.9164405899485752
174,0.8746608849228629,0.35892471377167634,0.005826431562592813,0.29498990028297156,0.8746608849228629,0.8746608849228629,0.8746608849228629,0.8746608849228629
175,0.8328811798971505,0.31714500874596396,-0.03595327346311955,0.2532101952572592,0.8328811798971505,0.8328811798971505,0.8328811798971505,0.8328811798971505
176,1.0,0.368997395385764,0.9640467265368804,0.41812711377913064,1.0,0.8707176437042669,1.0,0.7659488758032243
177,1.0,0.420849782025564,1.0,0.5830440323010021,1.0,0.9085541075113832,1.0,0.6990165717092982
178,0.9582202949742876,0.3790700769998516,0.9582202949742876,0.5412643272752897,0.9582202949742876,0.8667744024856708,0.9582202949742876,0.6572368666835858
179,0.9164405899485752,0.33729037197413925,0.9164405899485752,0.49948462224957735,0.9164405899485752,0.8249946974599585,0.9164405899485752,0.6154571616578735
180,0.8746608849228629,0.29551066694842687,0.8746608849228629,0.45770491722386497,0.8746608849228629,0.7832149924342461,0.8746608849228629,0.5736774566321611
181,0.8328811798971505,0.2537309619227145,0.8328811798971505,0.4159252121981526,0.8328811798971505,0.7414352874085337,0.8328811798971505,0.5318977516064487
182,0.7911014748714381,0.21195125689700212,0.7911014748714381,0.3741455071724402,0.7911014748714381,0.6996555823828213,0.7911014748714381,0.4901180465807363
183,0.7493217698457257,0.17017155187128974,0.7493217698457257,0.33236580214672784,0.7493217698457257,0.657875877357109,0.7493217698457257,0.44833834155502394
184,0.7075420648200134,0.12839184684557736,0.7075420648200134,0.29058609712101546,0.7075420648200134,0.6160961723313966,0.7075420648200134,0.40655863652931157
185,0.665762359794301,0.086612141819865,0.665762359794301,0.24880639209530309,0.665762359794301,0.5743164673056842,0.665762359794301,0.3647789315035992
186,0.6239826547685886,0.044832436794152636,0.6239826547685886,0.2070266870695907,0.6239826547685886,0.5325367622799718,0.6239826547685886,0.3229992264778868
187,0.5822029497428762,0.0030527317684402727,0.5822029497428762,0.16524698204387833,0.5822029497428762,0.49075705725425944,0.5822029497428762,0.28121952145217444
188,0.5404232447171639,-0.03872697325727209,0.5404232447171639,0.12346727701816597,0.5404232447171639,0.44897735222854707,0.5404232447171639,0.23943981642646206
189,0.46928915266433147,0.9612730267427279,0.5922756313569638,-0.16955177052849363,0.5589057537201013,0.6309440718887699,0.7571219003198361,0.1486905509537183
190,0.3981550606114991,1.0,0.6441280179967638,-0.4625708180751532,0.5773882627230388,0.8129107915489927,0.9738205559225083,0.05794128548097453
191,0.740333255745027,0.7069809524533405,0.8090449365186353,0.5374291819248468,0.9124582557628262,1.0,1.0,0.22824366081053793
192,1.0,0.4139619049066809,0.9739618550405068,1.0,1.0,1.0,1.0,0.3985460361401013
193,0.9582202949742876,0.3721821998809685,0.9321821500147944,0.9582202949742876,0.9582202949742876,0.9582202949742876,0.9582202949742876,0.35676633111438893
194,0.9164405899485752,0.33040249485525613,0.890402444989082,0.9164405899485752,0.9164405899485752,0.9164405899485752,0.9164405899485752,0.31498662608867656
195,0.8746608849228629,0.28862278982954376,0.8486227399633697,0.8746608849228629,0.8746608849228629,0.8746608849228629,0.8746608849228629,0.2732069210629642
196,0.8328811798971505,0.24684308480383138,0.8068430349376573,0.8328811798971505,0.8328811798971505,0.8328811798971505,0.8328811798971505,0.2314272160372518
197,0.7911014748714381,0.205063379778119,0.7650633299119449,0.7911014748714381,0.7911014748714381,0.7911014748714381,0.7911014748714381,0.18964751101153943
198,0.7493217698457257,0.16328367475240663,0.7232836248862325,0.7493217698457257,0.7493217698457257,0.7493217698457257,0.7493217698457257,0.14786780598582705
199,0.7075420648200134,0.12150396972669426,0.6815039198605202,0.7075420648200134,0.7075420648200134,0.7075420648200134,0.7075420648200134,0.10608810096011469
200,0.665762359794301,0.0797242647009819,0.6397242148348078,0.665762359794301,0.665762359794301,0.665762359794301,0.665762359794301,0.06430839593440232
201,0.6239826547685886,0.03794455967526954,0.5979445098090954,0.6239826547685886,0.6239826547685886,0.6239826547685886,0.6239826547685886,0.02252869090868996
202,0.5822029497428762,-0.0038351453504428257,0.556164804783383,0.5822029497428762,0.5822029497428762,0.5822029497428762,0.5822029497428762,-0.019251014117022403
203,1.0,-0.0945844108231866,0.4892325006894569,0.7525053250724396,0.8020135055519992,1.0,0.846459392219751,0.9807489858829777
204,1.0,-0.1853336762959304,0.42230019659553075,0.922807700402003,1.0,1.0,1.0,1.0
205,0.9288659079471676,0.8146663237040697,0.4741525832353307,0.6297886528553435,1.0,1.0,1.0,0.9092507345272562
206,0.8577318158943352,1.0,0.5260049698751307,0.3367696053086839,1.0,1.0,1.0,0.8185014690545125
207,0.8159521108686228,0.9582202949742876,0.4842252648494183,0.2949899002829715,0.9582202949742876,0.9582202949742876,0.9582202949742876,0.7767217640288001
208,0.7741724058429105,0.9164405899485752,0.4424455598237059,0.25321019525725913,0.9164405899485752,0.9164405899485752,0.9164405899485752,0.7349420590030877
209,0.7323927008171981,0.8746608849228629,0.40066585479799355,0.21143049023154675,0.8746608849228629,0.8746608849228629,0.8746608849228629,0.6931623539773754
210,0.6906129957914857,0.8328811798971505,0.35888614977228117,0.16965078520583438,0.8328811798971505,0.8328811798971505,0.8328811798971505,0.651382648951663
211,0.6488332907657733,0.7911014748714381,0.3171064447465688,0.127871080180122,0.7911014748714381,0.7911014748714381,0.7911014748714381,0.6096029439259506
212,0.607053585740061,0.7493217698457257,0.2753267397208564,0.08609137515440964,0.7493217698457257,0.7493217698457257,0.7493217698457257,0.5678232389002382
213,0.5652738807143486,0.7075420648200134,0.23354703469514404,0.04431167012869727,0.7075420648200134,0.7075420648200134,0.7075420648200134,0.5260435338745258
214,0.5234941756886362,0.665762359794301,0.19176732966943166,0.0025319651029849094,0.665762359794301,0.665762359794301,0.665762359794301,0.48426382884881347
215,0.48171447066292383,0.6239826547685886,0.1499876246437193,-0.039247739922727454,0.6239826547685886,0.6239826547685886,0.6239826547685886,0.4424841238231011
216,0.8238926657964517,0.330963607221929,0.31490454316559074,0.9607522600772725,0.9590526478083762,0.9225522928093118,0.7387933629938584,0.6127864991526645
217,1.0,0.037944559675269454,0.4798214616874622,1.0,1.0,1.0,0.8536040712191283,0.7830888744822279
218,0.9582202949742876,-0.003835145350442909,0.4380417566617498,0.9582202949742876,0.9582202949742876,0.9582202949742876,0.8118243661934159,0.7413091694565155
219,0.8870862029214552,0.9961648546495571,0.4898941433015498,0.665201247427628,0.9767028039772251,1.0,1.0,0.6505599039837717
220,0.8159521108686228,1.0,0.5417465299413498,0.3721821998809684,0.9951853129801626,1.0,1.0,0.559810638511028
221,0.7741724058429105,0.9582202949742876,0.4999668249156374,0.330402494855256,0.9534056079544502,0.9582202949742876,0.9582202949742876,0.5180309334853156
222,0.7323927008171981,0.9164405899485752,0.458187119889925,0.28862278982954365,0.9116259029287378,0.9164405899485752,0.9164405899485752,0.4762512284596032
223,0.6906129957914857,0.8746608849228629,0.4164074148642126,0.24684308480383127,0.8698461979030254,0.8746608849228629,0.8746608849228629,0.43447152343389084
224,0.6488332907657733,0.8328811798971505,0.37462770983850024,0.2050633797781189,0.828066492877313,0.8328811798971505,0.8328811798971505,0.39269181840817846
225,0.607053585740061,0.7911014748714381,0.33284800481278787,0.16328367475240652,0.7862867878516007,0.7911014748714381,0.7911014748714381,0.3509121133824661
226,0.5652738807143486,0.7493217698457257,0.2910682997870755,0.12150396972669415,0.7445070828258883,0.7493217698457257,0.7493217698457257,0.3091324083567537
227,0.5234941756886362,0.7075420648200134,0.2492885947613631,0.07972426470098179,0.7027273778001759,0.7075420648200134,0.7075420648200134,0.26735270333104133
228,0.48171447066292383,0.665762359794301,0.20750888973565074,0.037944559675269426,0.6609476727744635,0.665762359794301,0.665762359794301,0.22557299830532895
229,0.43993476563721146,0.6239826547685886,0.16572918470993836,-0.0038351453504429367,0.6191679677487512,0.6239826547685886,0.6239826547685886,0.18379329327961658
230,0.7821129607707394,0.330963607221929,0.3306461032318098,0.9961648546495571,0.9542379607885386,0.9225522928093118,0.7387933629938584,0.35409566860917996
231,1.0,0.037944559675269454,0.4955630217536813,1.0,1.0,1.0,0.8536040712191283,0.5243980439387433
232,0.9582202949742876,-0.003835145350442909,0.4537833167279689,0.9582202949742876,0.9582202949742876,0.9582202949742876,0.8118243661934159,0.48261833891303096
233,0.8870862029214552,0.9961648546495571,0.5056357033677689,0.665201247427628,0.9767028039772251,1.0,1.0,0.3918690734402872
234,0.8159521108686228,1.0,0.5574880900075688,0.3721821998809684,0.9951853129801626,1.0,1.0,0.30111980796754345
235,0.7741724058429105,0.9582202949742876,0.5157083849818564,0.330402494855256,0.9534056079544502,0.9582202949742876,0.9582202949742876,0.2593401029418311
236,0.7323927008171981,0.9164405899485752,0.47392867995614407,0.28862278982954365,0.9116259029287378,0.9164405899485752,0.9164405899485752,0.2175603979161187
237,0.6906129957914857,0.8746608849228629,0.4321489749304317,0.24684308480383127,0.8698461979030254,0.8746608849228629,0.8746608849228629,0.17578069289040632
238,0.6488332907657733,0.8328811798971505,0.3903692699047193,0.2050633797781189,0.828066492877313,0.8328811798971505,0.8328811798971505,0.13400098786469394
239,0.607053585740061,0.7911014748714381,0.34858956487900694,0.16328367475240652,0.7862867878516007,0.7911014748714381,0.7911014748714381,0.09222128283898158
240,0.5652738807143486,0.7493217698457257,0.30680985985329456,0.12150396972669415,0.7445070828258883,0.7493217698457257,0.7493217698457257,0.05044157781326922
241,0.5234941756886362,0.7075420648200134,0.2650301548275822,0.07972426470098179,0.7027273778001759,0.7075420648200134,0.7075420648200134,0.008661872787556854
242,0.48171447066292383,0.665762359794301,0.2232504498018698,0.037944559675269426,0.6609476727744635,0.665762359794301,0.665762359794301,-0.03311783223815551
243,0.9604643036511461,0.5750130943215572,0.15631814570794367,0.20824693500483282,0.8807582285835865,1.0,0.9300188022711757,0.9668821677618444
244,1.0,0.48426382884881347,0.08938584161401754,0.3785493103343962,1.0,1.0,1.0,1.0
245,0.9582202949742876,0.4424841238231011,0.047606136588305176,0.33676960530868383,0.9582202949742876,0.9582202949742876,0.9582202949742876,0.9582202949742876
246,0.9164405899485752,0.4007044187973887,0.005826431562592813,0.29498990028297145,0.9164405899485752,0.9164405899485752,0.9164405899485752,0.9164405899485752
247,0.8746608849228629,0.35892471377167634,-0.03595327346311955,0.2532101952572591,0.8746608849228629,0.8746608849228629,0.8746608849228629,0.8746608849228629
248,1.0,0.41077710041147636,0.9640467265368804,0.41812711377913053,1.0,0.9124973487299792,1.0,0.8077285808289367
249,1.0,0.4626294870512764,1.0,0.583044032301002,1.0,0.9503338125370956,1.0,0.7407962767350106
250,0.9582202949742876,0.420849782025564,0.9582202949742876,0.5412643272752896,0.9582202949742876,0.9085541075113832,0.9582202949742876,0.6990165717092982
251,0.9164405899485752,0.3790700769998516,0.9164405899485752,0.49948462224957724,0.9164405899485752,0.8667744024856708,0.9164405899485752,0.6572368666835858
252,0.8746608849228629,0.33729037197413925,0.8746608849228629,0.45770491722386486,0.8746608849228629,0.8249946974599585,0.8746608849228629,0.6154571616578735
253,0.8328811798971505,0.29551066694842687,0.8328811798971505,0.4159252121981525,0.8328811798971505,0.7832149924342461,0.8328811798971505,0.5736774566321611
254,0.7911014748714381,0.2537309619227145,0.7911014748714381,0.3741455071724401,0.7911014748714381,0.7414352874085337,0.7911014748714381,0.5318977516064487
255,0.7493217698457257,0.21195125689700212,0.7493217698457257,0.33236580214672773,0.7493217698457257,0.6996555823828213,0.7493217698457257,0.4901180465807363
256,0.7075420648200134,0.17017155187128974,0.7075420648200134,0.29058609712101535,0.7075420648200134,0.657875877357109,0.7075420648200134,0.44833834155502394
257,0.665762359794301,0.12839184684557736,0.665762359794301,0.24880639209530298,0.665762359794301,0.6160961723313966,0.665762359794301,0.40655863652931157
258,0.6239826547685886,0.086612141819865,0.6239826547685886,0.2070266870695906,0.6239826547685886,0.5743164673056842,0.6239826547685886,0.3647789315035992
259,0.5822029497428762,0.044832436794152636,0.5822029497428762,0.16524698204387822,0.5822029497428762,0.5325367622799718,0.5822029497428762,0.3229992264778868
260,0.5404232447171639,0.0030527317684402727,0.5404232447171639,0.12346727701816586,0.5404232447171639,0.49075705725425944,0.5404232447171639,0.28121952145217444
261,0.4986435396914515,-0.03872697325727209,0.4986435396914515,0.0816875719924535,0.4986435396914515,0.44897735222854707,0.4986435396914515,0.23943981642646206
262,0.4275094476386191,0.9612730267427279,0.5504959263312514,-0.21133147555420606,0.5171260486943888,0.6309440718887699,0.7153421952941237,0.1486905509537183
263,0.3563753555857867,1.0,0.6023483129710514,-0.5043505231008656,0.5356085576973263,0.8129107915489927,0.9320408508967959,0.05794128548097453
264,0.6985535507193147,0.7069809524533405,0.7672652314929228,0.4956494768991344,0.8706785507371138,1.0,1.0,0.22824366081053793
265,1.0,0.4139619049066809,0.9321821500147943,1.0,1.0,1.0,1.0,0.3985460361401013
266,0.9582202949742876,0.3721821998809685,0.8904024449890819,0.9582202949742876,0.9582202949742876,0.9582202949742876,0.9582202949742876,0.35676633111438893
267,0.9164405899485752,0.33040249485525613,0.8486227399633696,0.9164405899485752,0.9164405899485752,0.9164405899485752,0.9164405899485752,0.31498662608867656
268,0.8746608849228629,0.28862278982954376,0.8068430349376572,0.8746608849228629,0.8746608849228629,0.8746608849228629,0.8746608849228629,0.2732069210629642
269,0.8328811798971505,0.24684308480383138,0.7650633299119448,0.8328811798971505,0.8328811798971505,0.8328811798971505,0.8328811798971505,0.2314272160372518
270,0.7911014748714381,0.205063379778119,0.7232836248862324,0.7911014748714381,0.7911014748714381,0.7911014748714381,0.7911014748714381,0.18964751101153943
271,0.7493217698457257,0.16328367475240663,0.6815039198605201,0.7493217698457257,0.7493217698457257,0.7493217698457257,0.7493217698457257,0.14786780598582705
272,0.7075420648200134,0.12150396972669426,0.6397242148348077,0.7075420648200134,0.7075420648200134,0.7075420648200134,0.7075420648200134,0.10608810096011469
273,0.665762359794301,0.0797242647009819,0.5979445098090953,0.665762359794301,0.665762359794301,0.665762359794301,0.665762359794301,0.06430839593440232
274,0.6239826547685886,0.03794455967526954,0.5561648047833829,0.6239826547685886,0.6239826547685886,0.6239826547685886,0.6239826547685886,0.02252869090868996
275,0.5822029497428762,-0.0038351453504428257,0.5143850997576705,0.5822029497428762,0.5822029497428762,0.5822029497428762,0.5822029497428762,-0.019251014117022403
276,1.0,-0.0945844108231866,0.4474527956637444,0.7525053250724396,0.8020135055519992,1.0,0.846459392219751,0.9807489858829777
277,1.0,-0.1853336762959304,0.38052049156981826,0.922807700402003,1.0,1.0,1.0,1.0
278,0.9288659079471676,0.8146663237040697,0.4323728782096183,0.6297886528553435,1.0,1.0,1.0,0.9092507345272562
279,0.8577318158943352,1.0,0.4842252648494183,0.3367696053086839,1.0,1.0,1.0,0.8185014690545125
280,0.8159521108686228,0.9582202949742876,0.4424455598237059,0.2949899002829715,0.9582202949742876,0.9582202949742876,0.9582202949742876,0.7767217640288001
281,0.7741724058429105,0.9164405899485752,0.40066585479799355,0.25321019525725913,0.9164405899485752,0.9164405899485752,0.9164405899485752,0.7349420590030877
282,0.7323927008171981,0.8746608849228629,0.35888614977228117,0.21143049023154675,0.8746608849228629,0.8746608849228629,0.8746608849228629,0.6931623539773754
283,0.6906129957914857,0.8328811798971505,0.3171064447465688,0.16965078520583438,0.8328811798971505,0.8328811798971505,0.8328811798971505,0.651382648951663
284,0.6488332907657733,0.7911014748714381,0.2753267397208564,0.127871080180122,0.7911014748714381,0.7911014748714381,0.7911014748714381,0.6096029439259506
285,0.607053585740061,0.7493217698457257,0.23354703469514404,0.08609137515440964,0.7493217698457257,0.7493217698457257,0.7493217698457257,0.5678232389002382
286,0.5652738807143486,0.7075420648200134,0.19176732966943166,0.04431167012869727,0.7075420648200134,0.7075420648200134,0.7075420648200134,0.5260435338745258
287,0.5234941756886362,0.665762359794301,0.1499876246437193,0.0025319651029849094,0.665762359794301,0.665762359794301,0.665762359794301,0.48426382884881347
288,0.48171447066292383,0.6239826547685886,0.10820791961800692,-0.039247739922727454,0.6239826547685886,0.6239826547685886,0.6239826547685886,0.4424841238231011
289,0.8238926657964517,0.330963607221929,0.27312483813987837,0.9607522600772725,0.9590526478083762,0.9225522928093118,0.7387933629938584,0.6127864991526645
290,1.0,0.037944559675269454,0.4380417566617498,1.0,1.0,1.0,0.8536040712191283,0.7830888744822279
291,0.9582202949742876,-0.003835145350442909,0.39626205163603745,0.9582202949742876,0.9582202949742876,0.9582202949742876,0.8118243661934159,0.7413091694565155
292,0.8870862029214552,0.9961648546495571,0.44811443827583747,0.665201247427628,0.9767028039772251,1.0,1.0,0.6505599039837717
293,0.8159521108686228,1.0,0.4999668249156375,0.3721821998809684,0.9951853129801626,1.0,1.0,0.559810638511028
294,0.7741724058429105,0.9582202949742876,0.4581871198899251,0.330402494855256,0.9534056079544502,0.9582202949742876,0.9582202949742876,0.5180309334853156
295,0.7323927008171981,0.9164405899485752,0.41640741486421273,0.28862278982954365,0.9116259029287378,0.9164405899485752,0.9164405899485752,0.4762512284596032
296,0.6906129957914857,0.8746608849228629,0.37462770983850036,0.24684308480383127,0.8698461979030254,0.8746608849228629,0.8746608849228629,0.43447152343389084
297,0.6488332907657733,0.8328811798971505,0.332848004812788,0.2050633797781189,0.828066492877313,0.8328811798971505,0.8328811798971505,0.39269181840817846
298,0.607053585740061,0.7911014748714381,0.2910682997870756,0.16328367475240652,0.7862867878516007,0.7911014748714381,0.7911014748714381,0.3509121133824661
299,0.5652738807143486,0.7493217698457257,0.24928859476136322,0.12150396972669415,0.7445070828258883,0.7493217698457257,0.7493217698457257,0.3091324083567537
300,0.5234941756886362,0.7075420648200134,0.20750888973565085,0.07972426470098179,0.7027273778001759,0.7075420648200134,0.7075420648200134,0.26735270333104133
301,0.48171447066292383,0.665762359794301,0.16572918470993847,0.037944559675269426,0.6609476727744635,0.665762359794301,0.665762359794301,0.22557299830532895
302,0.43993476563721146,0.6239826547685886,0.12394947968422611,-0.0038351453504429367,0.6191679677487512,0.6239826547685886,0.6239826547685886,0.18379329327961658
303,0.7821129607707394,0.330963607221929,0.28886639820609755,0.9961648546495571,0.9542379607885386,0.9225522928093118,0.7387933629938584,0.35409566860917996
304,1.0,0.037944559675269454,0.453783316727969,1.0,1.0,1.0,0.8536040712191283,0.5243980439387433
305,0.9582202949742876,-0.003835145350442909,0.41200361170225663,0.9582202949742876,0.9582202949742876,0.9582202949742876,0.8118243661934159,0.48261833891303096
306,0.8870862029214552,0.9961648546495571,0.4638559983420566,0.665201247427628,0.9767028039772251,1.0,1.0,0.3918690734402872
307,0.8159521108686228,1.0,0.5157083849818566,0.3721821998809684,0.9951853129801626,1.0,1.0,0.30111980796754345
308,0.7741724058429105,0.9582202949742876,0.4739286799561442,0.330402494855256,0.9534056079544502,0.9582202949742876,0.9582202949742876,0.2593401029418311
309,0.7323927008171981,0.9164405899485752,0.4321489749304318,0.28862278982954365,0.9116259029287378,0.9164405899485752,0.9164405899485752,0.2175603979161187
310,0.6906129957914857,0.8746608849228629,0.39036926990471943,0.24684308480383127,0.8698461979030254,0.8746608849228629,0.8746608849228629,0.17578069289040632
311,0.6488332907657733,0.8328811798971505,0.34858956487900705,0.2050633797781189,0.828066492877313,0.8328811798971505,0.8328811798971505,0.13400098786469394
312,0.607053585740061,0.7911014748714381,0.3068098598532947,0.16328367475240652,0.7862867878516007,0.7911014748714381,0.7911014748714381,0.09222128283898158
313,0.5652738807143486,0.7493217698457257,0.2650301548275823,0.12150396972669415,0.7445070828258883,0.7493217698457257,0.7493217698457257,0.05044157781326922
314,0.5234941756886362,0.7075420648200134,0.22325044980186992,0.07972426470098179,0.7027273778001759,0.7075420648200134,0.7075420648200134,0.008661872787556854
315,0.48171447066292383,0.665762359794301,0.18147074477615754,0.037944559675269426,0.6609476727744635,0.665762359794301,0.665762359794301,-0.03311783223815551
316,0.9604643036511461,0.5750130943215572,0.11453844068223142,0.20824693500483282,0.8807582285835865,1.0,0.9300188022711757,0.9668821677618444
317,1.0,0.48426382884881347,0.04760613658830529,0.3785493103343962,1.0,1.0,1.0,1.0
318,0.9582202949742876,0.4424841238231011,0.005826431562592924,0.33676960530868383,0.9582202949742876,0.9582202949742876,0.9582202949742876,0.9582202949742876
319,0.9164405899485752,0.4007044187973887,-0.03595327346311944,0.29498990028297145,0.9164405899485752,0.9164405899485752,0.9164405899485752,0.9164405899485752
320,1.0,0.45255680543718874,0.9640467265368806,0.45990681880484285,1.0,0.9542770537556916,1.0,0.8495082858546491
321,1.0,0.5044091920769888,1.0,0.6248237373267144,1.0,0.9921135175628081,1.0,0.782575981760723
322,0.9582202949742876,0.4626294870512764,0.9582202949742876,0.583044032301002,0.9582202949742876,0.9503338125370957,0.9582202949742876,0.7407962767350106
323,0.9164405899485752,0.420849782025564,0.9164405899485752,0.5412643272752896,0.9164405899485752,0.9085541075113833,0.9164405899485752,0.6990165717092982
324,0.8746608849228629,0.3790700769998516,0.8746608849228629,0.49948462224957724,0.8746608849228629,0.866774402485671,0.8746608849228629,0.6572368666835858
325,0.8328811798971505,0.33729037197413925,0.8328811798971505,0.45770491722386486,0.8328811798971505,0.8249946974599586,0.8328811798971505,0.6154571616578735
326,0.7911014748714381,0.29551066694842687,0.7911014748714381,0.4159252121981525,0.7911014748714381,0.7832149924342462,0.7911014748714381,0.5736774566321611
327,0.7493217698457257,0.2537309619227145,0.7493217698457257,0.3741455071724401,0.7493217698457257,0.7414352874085338,0.7493217698457257,0.5318977516064487
328,0.7075420648200134,0.21195125689700212,0.7075420648200134,0.33236580214672773,0.7075420648200134,0.6996555823828214,0.7075420648200134,0.4901180465807363
329,0.665762359794301,0.17017155187128974,0.665762359794301,0.29058609712101535,0.665762359794301,0.6578758773571091,0.665762359794301,0.44833834155502394
330,0.6239826547685886,0.12839184684557736,0.6239826547685886,0.24880639209530298,0.6239826547685886,0.6160961723313967,0.6239826547685886,0.40655863652931157
331,0.5822029497428762,0.086612141819865,0.5822029497428762,0.2070266870695906,0.5822029497428762,0.5743164673056843,0.5822029497428762,0.3647789315035992
332,0.5404232447171639,0.044832436794152636,0.5404232447171639,0.16524698204387822,0.5404232447171639,0.5325367622799719,0.5404232447171639,0.3229992264778868
333,0.4986435396914515,0.0030527317684402727,0.4986435396914515,0.12346727701816586,0.4986435396914515,0.49075705725425955,0.4986435396914515,0.28121952145217444
334,0.4568638346657391,-0.03872697325727209,0.4568638346657391,0.0816875719924535,0.4568638346657391,0.4489773522285472,0.4568638346657391,0.23943981642646206
335,0.3857297426129067,0.9612730267427279,0.5087162213055391,-0.21133147555420606,0.47534634366867656,0.63094407188877,0.6735624902684113,0.1486905509537183
336,0.3145956505600743,1.0,0.560568607945339,-0.5043505231008656,0.493828852671614,0.8129107915489928,0.8902611458710835,0.05794128548097453
337,0.6567738456936022,0.7069809524533405,0.7254855264672105,0.4956494768991344,0.8288988457114015,1.0,1.0,0.22824366081053793
338,0.9989520408271301,0.4139619049066809,0.890402444989082,1.0,1.0,1.0,1.0,0.3985460361401013
339,0.9571723358014177,0.3721821998809685,0.8486227399633697,0.9582202949742876,0.9582202949742876,0.9582202949742876,0.9582202949742876,0.35676633111438893
340,0.9153926307757053,0.33040249485525613,0.8068430349376573,0.9164405899485752,0.9164405899485752,0.9164405899485752,0.9164405899485752,0.31498662608867656
341,0.8736129257499929,0.28862278982954376,0.7650633299119449,0.8746608849228629,0.8746608849228629,0.8746608849228629,0.8746608849228629,0.2732069210629642
342,0.8318332207242806,0.24684308480383138,0.7232836248862325,0.8328811798971505,0.8328811798971505,0.8328811798971505,0.8328811798971505,0.2314272160372518
343,0.7900535156985682,0.205063379778119,0.6815039198605202,0.7911014748714381,0.7911014748714381,0.7911014748714381,0.7911014748714381,0.18964751101153943
344,0.7482738106728558,0.16328367475240663,0.6397242148348078,0.7493217698457257,0.7493217698457257,0.7493217698457257,0.7493217698457257,0.14786780598582705
345,0.7064941056471434,0.12150396972669426,0.5979445098090954,0.7075420648200134,0.7075420648200134,0.7075420648200134,0.7075420648200134,0.10608810096011469
346,0.6647144006214311,0.0797242647009819,0.556164804783383,0.665762359794301,0.665762359794301,0.665762359794301,0.665762359794301,0.06430839593440232
347,0.6229346955957187,0.03794455967526954,0.5143850997576707,0.6239826547685886,0.6239826547685886,0.6239826547685886,0.6239826547685886,0.02252869090868996
348,0.5811549905700063,-0.0038351453504428257,0.4726053947319583,0.5822029497428762,0.5822029497428762,0.5822029497428762,0.5822029497428762,-0.019251014117022403
349,1.0,-0.0945844108231866,0.40567309063803214,0.7525053250724396,0.8020135055519992,1.0,0.846459392219751,0.9807489858829777
350,1.0,-0.1853336762959304,0.338740786544106,0.922807700402003,1.0,1.0,1.0,1.0
351,0.9288659079471676,0.8146663237040697,0.390593173183906,0.6297886528553435,1.0,1.0,1.0,0.9092507345272562
352,0.8577318158943352,1.0,0.44244555982370604,0.3367696053086839,1.0,1.0,1.0,0.8185014690545125
353,0.8159521108686228,0.9582202949742876,0.40066585479799366,0.2949899002829715,0.9582202949742876,0.9582202949742876,0.9582202949742876,0.7767217640288001
354,0.7741724058429105,0.9164405899485752,0.3588861497722813,0.25321019525725913,0.9164405899485752,0.9164405899485752,0.9164405899485752,0.7349420590030877
355,0.7323927008171981,0.8746608849228629,0.3171064447465689,0.21143049023154675,0.8746608849228629,0.8746608849228629,0.8746608849228629,0.6931623539773754
356,0.6906129957914857,0.8328811798971505,0.27532673972085653,0.16965078520583438,0.8328811798971505,0.8328811798971505,0.8328811798971505,0.651382648951663
357,0.6488332907657733,0.7911014748714381,0.23354703469514415,0.127871080180122,0.7911014748714381,0.7911014748714381,0.7911014748714381,0.6096029439259506
358,0.607053585740061,0.7493217698457257,0.19176732966943177,0.08609137515440964,0.7493217698457257,0.7493217698457257,0.7493217698457257,0.5678232389002382
359,0.5652738807143486,0.7075420648200134,0.1499876246437194,0.04431167012869727,0.7075420648200134,0.7075420648200134,0.7075420648200134,0.5260435338745258
360,0.5234941756886362,0.665762359794301,0.10820791961800703,0.0025319651029849094,0.665762359794301,0.665762359794301,0.665762359794301,0.48426382884881347
361,0.48171447066292383,0.6239826547685886,0.06642821459229467,-0.039247739922727454,0.6239826547685886,0.6239826547685886,0.6239826547685886,0.4424841238231011
362,0.8238926657964517,0.330963607221929,0.23134513311416616,0.9607522600772725,0.9590526478083762,0.9225522928093118,0.7387933629938584,0.6127864991526645
363,1.0,0.037944559675269454,0.3962620516360376,1.0,1.0,1.0,0.8536040712191283,0.7830888744822279
364,0.9582202949742876,-0.003835145350442909,0.35448234661032524,0.9582202949742876,0.9582202949742876,0.9582202949742876,0.8118243661934159,0.7413091694565155
365,0.8870862029214552,0.9961648546495571,0.40633473325012526,0.665201247427628,0.9767028039772251,1.0,1.0,0.6505599039837717
366,0.8159521108686228,1.0,0.4581871198899253,0.3721821998809684,0.9951853129801626,1.0,1.0,0.559810638511028
367,0.7741724058429105,0.9582202949742876,0.4164074148642129,0.330402494855256,0.9534056079544502,0.9582202949742876,0.9582202949742876,0.5180309334853156
368,0.7323927008171981,0.9164405899485752,0.3746277098385005,0.28862278982954365,0.9116259029287378,0.9164405899485752,0.9164405899485752,0.4762512284596032
369,0.6906129957914857,0.8746608849228629,0.33284800481278815,0.24684308480383127,0.8698461979030254,0.8746608849228629,0.8746608849228629,0.43447152343389084
370,0.6488332907657733,0.8328811798971505,0.29106829978707577,0.2050633797781189,0.828066492877313,0.8328811798971505,0.8328811798971505,0.39269181840817846
371,0.607053585740061,0.7911014748714381,0.2492885947613634,0.16328367475240652,0.7862867878516007,0.7911014748714381,0.7911014748714381,0.3509121133824661
372,0.5652738807143486,0.7493217698457257,0.20750888973565101,0.12150396972669415,0.7445070828258883,0.7493217698457257,0.7493217698457257,0.3091324083567537
373,0.5234941756886362,0.7075420648200134,0.16572918470993864,0.07972426470098179,0.7027273778001759,0.7075420648200134,0.7075420648200134,0.26735270333104133
374,0.48171447066292383,0.665762359794301,0.12394947968422627,0.037944559675269426,0.6609476727744635,0.665762359794301,0.665762359794301,0.22557299830532895
375,0.43993476563721146,0.6239826547685886,0.08216977465851391,-0.0038351453504429367,0.6191679677487512,0.6239826547685886,0.6239826547685886,0.18379329327961658
376,0.7821129607707394,0.330963607221929,0.24708669318038534,0.9961648546495571,0.9542379607885386,0.9225522928093118,0.7387933629938584,0.35409566860917996
377,1.0,0.037944559675269454,0.4120036117022568,1.0,1.0,1.0,0.8536040712191283,0.5243980439387433
378,0.9582202949742876,-0.003835145350442909,0.3702239066765444,0.9582202949742876,0.9582202949742876,0.9582202949742876,0.8118243661934159,0.48261833891303096
379,0.8870862029214552,0.9961648546495571,0.42207629331634444,0.665201247427628,0.9767028039772251,1.0,1.0,0.3918690734402872
380,0.8159521108686228,1.0,0.4739286799561444,0.3721821998809684,0.9951853129801626,1.0,1.0,0.30111980796754345
381,0.7741724058429105,0.9582202949742876,0.43214897493043203,0.330402494855256,0.9534056079544502,0.9582202949742876,0.9582202949742876,0.2593401029418311
382,0.7323927008171981,0.9164405899485752,0.39036926990471965,0.28862278982954365,0.9116259029287378,0.9164405899485752,0.9164405899485752,0.2175603979161187
383,0.6906129957914857,0.8746608849228629,0.3485895648790073,0.24684308480383127,0.8698461979030254,0.8746608849228629,0.8746608849228629,0.17578069289040632
384,0.6488332907657733,0.8328811798971505,0.3068098598532949,0.2050633797781189,0.828066492877313,0.8328811798971505,0.8328811798971505,0.13400098786469394
385,0.607053585740061,0.7911014748714381,0.2650301548275825,0.16328367475240652,0.7862867878516007,0.7911014748714381,0.7911014748714381,0.09222128283898158
386,0.5652738807143486,0.7493217698457257,0.22325044980187014,0.12150396972669415,0.7445070828258883,0.7493217698457257,0.7493217698457257,0.05044157781326922
387,0.5234941756886362,0.7075420648200134,0.18147074477615777,0.07972426470098179,0.7027273778001759,0.7075420648200134,0.7075420648200134,0.008661872787556854
388,0.48171447066292383,0.665762359794301,0.1396910397504454,0.037944559675269426,0.6609476727744635,0.665762359794301,0.665762359794301,-0.03311783223815551
389,0.9604643036511461,0.5750130943215572,0.07275873565651926,0.20824693500483282,0.8807582285835865,1.0,0.9300188022711757,0.9668821677618444
390,1.0,0.48426382884881347,0.005826431562593132,0.3785493103343962,1.0,1.0,1.0,1.0
391,0.9582202949742876,0.4424841238231011,-0.03595327346311923,0.33676960530868383,0.9582202949742876,0.9582202949742876,0.9582202949742876,0.9582202949742876
392,1.0,0.49433651046290106,0.9640467265368807,0.5016865238305553,1.0,0.9960567587814039,1.0,0.8912879908803615
393,1.0,0.546188897102701,1.0,0.6666034423524269,1.0,1.0,1.0,0.8243556867864353
394,0.9582202949742876,0.5044091920769886,0.9582202949742876,0.6248237373267145,0.9582202949742876,0.9582202949742876,0.9582202949742876,0.782575981760723
395,0.9164405899485752,0.46262948705127627,0.9164405899485752,0.5830440323010021,0.9164405899485752,0.9164405899485752,0.9164405899485752,0.7407962767350106
396,0.8746608849228629,0.4208497820255639,0.8746608849228629,0.5412643272752897,0.8746608849228629,0.8746608849228629,0.8746608849228629,0.6990165717092982
397,0.8328811798971505,0.3790700769998515,0.8328811798971505,0.49948462224957735,0.8328811798971505,0.8328811798971505,0.8328811798971505,0.6572368666835858
398,0.7911014748714381,0.33729037197413914,0.7911014748714381,0.45770491722386497,0.7911014748714381,0.7911014748714381,0.7911014748714381,0.6154571616578735
399,0.7493217698457257,0.29551066694842676,0.7493217698457257,0.4159252121981526,0.7493217698457257,0.7493217698457257,0.7493217698457257,0.5736774566321611
400,0.7075420648200134,0.2537309619227144,0.7075420648200134,0.3741455071724402,0.7075420648200134,0.7075420648200134,0.7075420648200134,0.5318977516064487
401,0.665762359794301,0.211951256897002,0.665762359794301,0.33236580214672784,0.665762359794301,0.665762359794301,0.665762359794301,0.4901180465807363
402,0.6239826547685886,0.17017155187128963,0.6239826547685886,0.29058609712101546,0.6239826547685886,0.6239826547685886,0.6239826547685886,0.44833834155502394
403,0.5822029497428762,0.12839184684557725,0.5822029497428762,0.24880639209530309,0.5822029497428762,0.5822029497428762,0.5822029497428762,0.40655863652931157
404,0.5404232447171639,0.08661214181986489,0.5404232447171639,0.2070266870695907,0.5404232447171639,0.5404232447171639,0.5404232447171639,0.3647789315035992
405,0.4986435396914515,0.044832436794152525,0.4986435396914515,0.16524698204387833,0.4986435396914515,0.4986435396914515,0.4986435396914515,0.3229992264778868
406,0.4568638346657391,0.0030527317684401617,0.4568638346657391,0.12346727701816597,0.4568638346657391,0.4568638346657391,0.4568638346657391,0.28121952145217444
407,0.4150841296400267,-0.0387269732572722,0.4150841296400267,0.0816875719924536,0.4150841296400267,0.4150841296400267,0.4150841296400267,0.23943981642646206
408,0.34395003758719433,0.9612730267427279,0.4669365162798267,-0.21133147555420595,0.43356663864296413,0.5970508493002495,0.6317827852426989,0.1486905509537183
409,0.27281594553436195,1.0,0.5187889029196266,-0.5043505231008655,0.45204914764590154,0.7790175689604724,0.8484814408453711,0.05794128548097453
410,0.6149941406678899,0.7069809524533405,0.683705821441498,0.4956494768991345,0.787119140685689,1.0,0.9632921490706411,0.22824366081053793
411,0.9571723358014178,0.4139619049066809,0.8486227399633696,1.0,1.0,1.0,1.0,0.3985460361401013
412,0.9153926307757054,0.3721821998809685,0.8068430349376572,0.9582202949742876,0.9582202949742876,0.9582202949742876,0.9582202949742876,0.35676633111438893
413,0.873612925749993,0.33040249485525613,0.7650633299119448,0.9164405899485752,0.9164405899485752,0.9164405899485752,0.9164405899485752,0.31498662608867656
414,0.8318332207242807,0.28862278982954376,0.7232836248862324,0.8746608849228629,0.8746608849228629,0.8746608849228629,0.8746608849228629,0.2732069210629642
415,0.7900535156985683,0.24684308480383138,0.6815039198605201,0.8328811798971505,0.8328811798971505,0.8328811798971505,0.8328811798971505,0.2314272160372518
416,0.7482738106728559,0.205063379778119,0.6397242148348077,0.7911014748714381,0.7911014748714381,0.7911014748714381,0.7911014748714381,0.18964751101153943
417,0.7064941056471435,0.16328367475240663,0.5979445098090953,0.7493217698457257,0.7493217698457257,0.7493217698457257,0.7493217698457257,0.14786780598582705
418,0.6647144006214312,0.12150396972669426,0.5561648047833829,0.7075420648200134,0.7075420648200134,0.7075420648200134,0.7075420648200134,0.10608810096011469
419,0.6229346955957188,0.0797242647009819,0.5143850997576705,0.665762359794301,0.665762359794301,0.665762359794301,0.665762359794301,0.06430839593440232
420,0.5811549905700064,0.03794455967526954,0.4726053947319582,0.6239826547685886,0.6239826547685886,0.6239826547685886,0.6239826547685886,0.02252869090868996
421,0.539375285544294,-0.0038351453504428257,0.4308256897062458,0.5822029497428762,0.5822029497428762,0.5822029497428762,0.5822029497428762,-0.019251014117022403
422,1.0,-0.0945844108231866,0.36389338561231965,0.7525053250724396,0.8020135055519992,1.0,0.846459392219751,0.9807489858829777
423,1.0,-0.1853336762959304,0.2969610815183935,0.922807700402003,1.0,1.0,1.0,1.0
424,0.9288659079471676,0.8146663237040697,0.34881346815819353,0.6297886528553435,1.0,1.0,1.0,0.9092507345272562
425,0.8577318158943352,1.0,0.40066585479799355,0.3367696053086839,1.0,1.0,1.0,0.8185014690545125
426,0.8159521108686228,0.9582202949742876,0.35888614977228117,0.2949899002829715,0.9582202949742876,0.9582202949742876,0.9582202949742876,0.7767217640288001
427,0.7741724058429105,0.9164405899485752,0.3171064447465688,0.25321019525725913,0.9164405899485752,0.9164405899485752,0.9164405899485752,0.7349420590030877
428,0.7323927008171981,0.8746608849228629,0.2753267397208564,0.21143049023154675,0.8746608849228629,0.8746608849228629,0.8746608849228629,0.6931623539773754
429,0.6906129957914857,0.8328811798971505,0.23354703469514404,0.16965078520583438,0.8328811798971505,0.8328811798971505,0.8328811798971505,0.651382648951663
430,0.6488332907657733,0.7911014748714381,0.19176732966943166,0.127871080180122,0.7911014748714381,0.7911014748714381,0.7911014748714381,0.6096029439259506
431,0.607053585740061,0.7493217698457257,0.1499876246437193,0.08609137515440964,0.7493217698457257,0.7493217698457257,0.7493217698457257,0.5678232389002382
432,0.5652738807143486,0.7075420648200134,0.10820791961800692,0.04431167012869727,0.7075420648200134,0.7075420648200134,0.7075420648200134,0.5260435338745258
433,0.5234941756886362,0.665762359794301,0.06642821459229456,0.0025319651029849094,0.665762359794301,0.665762359794301,0.665762359794301,0.48426382884881347
434,0.48171447066292383,0.6239826547685886,0.024648509566582197,-0.039247739922727454,0.6239826547685886,0.6239826547685886,0.6239826547685886,0.4424841238231011
435,0.8238926657964517,0.330963607221929,0.18956542808845367,0.9607522600772725,0.9590526478083762,0.9225522928093118,0.7387933629938584,0.6127864991526645
436,1.0,0.037944559675269454,0.3544823466103251,1.0,1.0,1.0,0.8536040712191283,0.7830888744822279
437,0.9582202949742876,-0.003835145350442909,0.31270264158461275,0.9582202949742876,0.9582202949742876,0.9582202949742876,0.8118243661934159,0.7413091694565155
438,0.8870862029214552,0.9961648546495571,0.36455502822441277,0.665201247427628,0.9767028039772251,1.0,1.0,0.6505599039837717
439,0.8159521108686228,1.0,0.4164074148642128,0.3721821998809684,0.9951853129801626,1.0,1.0,0.559810638511028
440,0.7741724058429105,0.9582202949742876,0.3746277098385004,0.330402494855256,0.9534056079544502,0.9582202949742876,0.9582202949742876,0.5180309334853156
441,0.7323927008171981,0.9164405899485752,0.33284800481278803,0.28862278982954365,0.9116259029287378,0.9164405899485752,0.9164405899485752,0.4762512284596032
442,0.6906129957914857,0.8746608849228629,0.29106829978707566,0.24684308480383127,0.8698461979030254,0.8746608849228629,0.8746608849228629,0.43447152343389084
443,0.6488332907657733,0.8328811798971505,0.24928859476136328,0.2050633797781189,0.828066492877313,0.8328811798971505,0.8328811798971505,0.39269181840817846
444,0.607053585740061,0.7911014748714381,0.2075088897356509,0.16328367475240652,0.7862867878516007,0.7911014748714381,0.7911014748714381,0.3509121133824661
445,0.5652738807143486,0.7493217698457257,0.16572918470993853,0.12150396972669415,0.7445070828258883,0.7493217698457257,0.7493217698457257,0.3091324083567537
446,0.5234941756886362,0.7075420648200134,0.12394947968422616,0.07972426470098179,0.7027273778001759,0.7075420648200134,0.7075420648200134,0.26735270333104133
447,0.48171447066292383,0.665762359794301,0.0821697746585138,0.037944559675269426,0.6609476727744635,0.665762359794301,0.665762359794301,0.22557299830532895
448,0.43993476563721146,0.6239826547685886,0.04039006963280144,-0.0038351453504429367,0.6191679677487512,0.6239826547685886,0.6239826547685886,0.18379329327961658
449,0.7821129607707394,0.330963607221929,0.2053069881546729,0.9961648546495571,0.9542379607885386,0.9225522928093118,0.7387933629938584,0.35409566860917996
450,1.0,0.037944559675269454,0.37022390667654437,1.0,1.0,1.0,0.8536040712191283,0.5243980439387433
451,0.9582202949742876,-0.003835145350442909,0.328444201650832,0.9582202949742876,0.9582202949742876,0.9582202949742876,0.8118243661934159,0.48261833891303096
452,0.8870862029214552,0.9961648546495571,0.380296588290632,0.665201247427628,0.9767028039772251,1.0,1.0,0.3918690734402872
453,0.8159521108686228,1.0,0.43214897493043203,0.3721821998809684,0.9951853129801626,1.0,1.0,0.30111980796754345
454,0.7741724058429105,0.9582202949742876,0.39036926990471965,0.330402494855256,0.9534056079544502,0.9582202949742876,0.9582202949742876,0.2593401029418311
455,0.7323927008171981,0.9164405899485752,0.3485895648790073,0.28862278982954365,0.9116259029287378,0.9164405899485752,0.9164405899485752,0.2175603979161187
456,0.6906129957914857,0.8746608849228629,0.3068098598532949,0.24684308480383127,0.8698461979030254,0.8746608849228629,0.8746608849228629,0.17578069289040632
457,0.6488332907657733,0.8328811798971505,0.2650301548275825,0.2050633797781189,0.828066492877313,0.8328811798971505,0.8328811798971505,0.13400098786469394
458,0.607053585740061,0.7911014748714381,0.22325044980187014,0.16328367475240652,0.7862867878516007,0.7911014748714381,0.7911014748714381,0.09222128283898158
459,0.5652738807143486,0.7493217698457257,0.18147074477615777,0.12150396972669415,0.7445070828258883,0.7493217698457257,0.7493217698457257,0.05044157781326922
460,0.5234941756886362,0.7075420648200134,0.1396910397504454,0.07972426470098179,0.7027273778001759,0.7075420648200134,0.7075420648200134,0.008661872787556854
461,0.48171447066292383,0.665762359794301,0.09791133472473303,0.037944559675269426,0.6609476727744635,0.665762359794301,0.665762359794301,-0.03311783223815551
462,0.9604643036511461,0.5750130943215572,0.030979030630806897,0.20824693500483282,0.8807582285835865,1.0,0.9300188022711757,0.9668821677618444
463,1.0,0.48426382884881347,-0.03595327346311923,0.3785493103343962,1.0,1.0,1.0,1.0
464,1.0,0.5361162154886134,0.9640467265368807,0.5434662288562676,1.0,1.0,1.0,0.9330676959060739
465,1.0,0.5879686021284134,1.0,0.7083831473781391,1.0,1.0,1.0,0.8661353918121477
466,0.9582202949742876,0.546188897102701,0.9582202949742876,0.6666034423524267,0.9582202949742876,0.9582202949742876,0.9582202949742876,0.8243556867864353
467,0.9164405899485752,0.5044091920769886,0.9164405899485752,0.6248237373267144,0.9164405899485752,0.9164405899485752,0.9164405899485752,0.782575981760723
468,0.8746608849228629,0.46262948705127627,0.8746608849228629,0.583044032301002,0.8746608849228629,0.8746608849228629,0.8746608849228629,0.7407962767350106
469,0.8328811798971505,0.4208497820255639,0.8328811798971505,0.5412643272752896,0.8328811798971505,0.8328811798971505,0.8328811798971505,0.6990165717092982
470,0.7911014748714381,0.3790700769998515,0.7911014748714381,0.49948462224957724,0.7911014748714381,0.7911014748714381,0.7911014748714381,0.6572368666835858
471,0.7493217698457257,0.33729037197413914,0.7493217698457257,0.45770491722386486,0.7493217698457257,0.7493217698457257,0.7493217698457257,0.6154571616578735
472,0.7075420648200134,0.29551066694842676,0.7075420648200134,0.4159252121981525,0.7075420648200134,0.7075420648200134,0.7075420648200134,0.5736774566321611
473,0.665762359794301,0.2537309619227144,0.665762359794301,0.3741455071724401,0.665762359794301,0.665762359794301,0.665762359794301,0.5318977516064487
474,0.6239826547685886,0.211951256897002,0.6239826547685886,0.33236580214672773,0.6239826547685886,0.6239826547685886,0.6239826547685886,0.4901180465807363
475,0.5822029497428762,0.17017155187128963,0.5822029497428762,0.29058609712101535,0.5822029497428762,0.5822029497428762,0.5822029497428762,0.44833834155502394
476,0.5404232447171639,0.12839184684557725,0.5404232447171639,0.24880639209530298,0.5404232447171639,0.5404232447171639,0.5404232447171639,0.40655863652931157
477,0.4986435396914515,0.08661214181986489,0.4986435396914515,0.2070266870695906,0.4986435396914515,0.4986435396914515,0.4986435396914515,0.3647789315035992
478,0.4568638346657391,0.044832436794152525,0.4568638346657391,0.16524698204387822,0.4568638346657391,0.4568638346657391,0.4568638346657391,0.3229992264778868
479,0.4150841296400267,0.0030527317684401617,0.4150841296400267,0.12346727701816586,0.4150841296400267,0.4150841296400267,0.4150841296400267,0.28121952145217444
480,0.37330442461431435,-0.0387269732572722,0.37330442461431435,0.0816875719924535,0.37330442461431435,0.37330442461431435,0.37330442461431435,0.23943981642646206
481,0.30217033256148196,0.9612730267427279,0.42515681125411436,-0.21133147555420606,0.39178693361725175,0.5552711442745372,0.5900030802169866,0.1486905509537183
482,0.23103624050864957,1.0,0.4770091978939144,-0.5043505231008656,0.41026944262018916,0.73723786393476,0.8067017358196588,0.05794128548097453
483,0.5732144356421774,0.7069809524533405,0.6419261164157858,0.4956494768991344,0.7453394356599766,1.0,0.9215124440449286,0.22824366081053793
484,0.9153926307757053,0.4139619049066809,0.8068430349376573,1.0,1.0,1.0,1.0,0.3985460361401013
485,0.8736129257499929,0.3721821998809685,0.7650633299119449,0.9582202949742876,0.9582202949742876,0.9582202949742876,0.9582202949742876,0.35676633111438893
486,0.8318332207242806,0.33040249485525613,0.7232836248862325,0.9164405899485752,0.9164405899485752,0.9164405899485752,0.9164405899485752,0.31498662608867656
487,0.7900535156985682,0.28862278982954376,0.6815039198605202,0.8746608849228629,0.8746608849228629,0.8746608849228629,0.8746608849228629,0.2732069210629642
488,0.7482738106728558,0.24684308480383138,0.6397242148348078,0.8328811798971505,0.8328811798971505,0.8328811798971505,0.8328811798971505,0.2314272160372518
489,0.7064941056471434,0.205063379778119,0.5979445098090954,0.7911014748714381,0.7911014748714381,0.7911014748714381,0.7911014748714381,0.18964751101153943
490,0.6647144006214311,0.16328367475240663,0.556164804783383,0.7493217698457257,0.7493217698457257,0.7493217698457257,0.7493217698457257,0.14786780598582705
491,0.6229346955957187,0.12150396972669426,0.5143850997576707,0.7075420648200134,0.7075420648200134,0.7075420648200134,0.7075420648200134,0.10608810096011469
492,0.5811549905700063,0.0797242647009819,0.4726053947319583,0.665762359794301,0.665762359794301,0.665762359794301,0.665762359794301,0.06430839593440232
493,0.5393752855442939,0.03794455967526954,0.4308256897062459,0.6239826547685886,0.6239826547685886,0.6239826547685886,0.6239826547685886,0.02252869090868996
494,0.49759558051858155,-0.0038351453504428257,0.38904598468053353,0.5822029497428762,0.5822029497428762,0.5822029497428762,0.5822029497428762,-0.019251014117022403
495,0.9763454135068038,-0.0945844108231866,0.3221136805866074,0.7525053250724396,0.8020135055519992,1.0,0.846459392219751,0.9807489858829777
496,1.0,-0.1853336762959304,0.25518137649268124,0.922807700402003,1.0,1.0,1.0,1.0
497,0.9288659079471676,0.8146663237040697,0.30703376313248126,0.6297886528553435,1.0,1.0,1.0,0.9092507345272562
498,0.8577318158943352,1.0,0.3588861497722813,0.3367696053086839,1.0,1.0,1.0,0.8185014690545125
499,0.8159521108686228,0.9582202949742876,0.3171064447465689,0.2949899002829715,0.9582202949742876,0.9582202949742876,0.9582202949742876,0.7767217640288001
500,0.7741724058429105,0.9164405899485752,0.27532673972085653,0.25321019525725913,0.9164405899485752,0.9164405899485752,0.9164405899485752,0.7349420590030877
501,0.7323927008171981,0.8746608849228629,0.23354703469514415,0.21143049023154675,0.8746608849228629,0.8746608849228629,0.8746608849228629,0.6931623539773754
502,0.6906129957914857,0.8328811798971505,0.19176732966943177,0.16965078520583438,0.8328811798971505,0.8328811798971505,0.8328811798971505,0.651382648951663
503,0.6488332907657733,0.7911014748714381,0.1499876246437194,0.127871080180122,0.7911014748714381,0.7911014748714381,0.7911014748714381,0.6096029439259506
504,0.607053585740061,0.7493217698457257,0.10820791961800703,0.08609137515440964,0.7493217698457257,0.7493217698457257,0.7493217698457257,0.5678232389002382
505,0.5652738807143486,0.7075420648200134,0.06642821459229467,0.04431167012869727,0.7075420648200134,0.7075420648200134,0.7075420648200134,0.5260435338745258
506,0.5234941756886362,0.665762359794301,0.024648509566582308,0.0025319651029849094,0.665762359794301,0.665762359794301,0.665762359794301,0.48426382884881347
507,0.48171447066292383,0.6239826547685886,-0.017131195459130055,-0.039247739922727454,0.6239826547685886,0.6239826547685886,0.6239826547685886,0.4424841238231011
508,0.8238926657964517,0.330963607221929,0.1477857230627414,0.9607522600772725,0.9590526478083762,0.9225522928093118,0.7387933629938584,0.6127864991526645
509,1.0,0.037944559675269454,0.31270264158461286,1.0,1.0,1.0,0.8536040712191283,0.7830888744822279
510,0.9582202949742876,-0.003835145350442909,0.2709229365589005,0.9582202949742876,0.9582202949742876,0.9582202949742876,0.8118243661934159,0.7413091694565155
511,0.8870862029214552,0.9961648546495571,0.3227753231987005,0.665201247427628,0.9767028039772251,1.0,1.0,0.6505599039837717
512,0.8159521108686228,1.0,0.3746277098385005,0.3721821998809684,0.9951853129801626,1.0,1.0,0.559810638511028
513,0.7741724058429105,0.9582202949742876,0.33284800481278815,0.330402494855256,0.9534056079544502,0.9582202949742876,0.9582202949742876,0.5180309334853156
514,0.7323927008171981,0.9164405899485752,0.29106829978707577,0.28862278982954365,0.9116259029287378,0.9164405899485752,0.9164405899485752,0.4762512284596032
515,0.6906129957914857,0.8746608849228629,0.2492885947613634,0.24684308480383127,0.8698461979030254,0.8746608849228629,0.8746608849228629,0.43447152343389084
516,0.6488332907657733,0.8328811798971505,0.20750888973565101,0.2050633797781189,0.828066492877313,0.8328811798971505,0.8328811798971505,0.39269181840817846
517,0.607053585740061,0.7911014748714381,0.16572918470993864,0.16328367475240652,0.7862867878516007,0.7911014748714381,0.7911014748714381,0.3509121133824661
518,0.5652738807143486,0.7493217698457257,0.12394947968422627,0.12150396972669415,0.7445070828258883,0.7493217698457257,0.7493217698457257,0.3091324083567537
519,0.5234941756886362,0.7075420648200134,0.08216977465851391,0.07972426470098179,0.7027273778001759,0.7075420648200134,0.7075420648200134,0.26735270333104133
520,0.48171447066292383,0.665762359794301,0.04039006963280155,0.037944559675269426,0.6609476727744635,0.665762359794301,0.665762359794301,0.22557299830532895
521,0.43993476563721146,0.6239826547685886,-0.0013896353929108152,-0.0038351453504429367,0.6191679677487512,0.6239826547685886,0.6239826547685886,0.18379329327961658
522,0.7821129607707394,0.330963607221929,0.16352728312896064,0.9961648546495571,0.9542379607885386,0.9225522928093118,0.7387933629938584,0.35409566860917996
523,1.0,0.037944559675269454,0.3284442016508321,1.0,1.0,1.0,0.8536040712191283,0.5243980439387433
524,0.9582202949742876,-0.003835145350442909,0.2866644966251197,0.9582202949742876,0.9582202949742876,0.9582202949742876,0.8118243661934159,0.48261833891303096
525,0.8870862029214552,0.9961648546495571,0.33851688326491974,0.665201247427628,0.9767028039772251,1.0,1.0,0.3918690734402872
526,0.8159521108686228,1.0,0.39036926990471976,0.3721821998809684,0.9951853129801626,1.0,1.0,0.30111980796754345
527,0.7741724058429105,0.9582202949742876,0.3485895648790074,0.330402494855256,0.9534056079544502,0.9582202949742876,0.9582202949742876,0.2593401029418311
528,0.7323927008171981,0.9164405899485752,0.306809859853295,0.28862278982954365,0.9116259029287378,0.9164405899485752,0.9164405899485752,0.2175603979161187
529,0.6906129957914857,0.8746608849228629,0.26503015482758263,0.24684308480383127,0.8698461979030254,0.8746608849228629,0.8746608849228629,0.17578069289040632
530,0.6488332907657733,0.8328811798971505,0.22325044980187025,0.2050633797781189,0.828066492877313,0.8328811798971505,0.8328811798971505,0.13400098786469394
531,0.607053585740061,0.7911014748714381,0.18147074477615788,0.16328367475240652,0.7862867878516007,0.7911014748714381,0.7911014748714381,0.09222128283898158
532,0.5652738807143486,0.7493217698457257,0.1396910397504455,0.12150396972669415,0.7445070828258883,0.7493217698457257,0.7493217698457257,0.05044157781326922
533,0.5234941756886362,0.7075420648200134,0.09791133472473314,0.07972426470098179,0.7027273778001759,0.7075420648200134,0.7075420648200134,0.008661872787556854
534,0.48171447066292383,0.665762359794301,0.056131629699020774,0.037944559675269426,0.6609476727744635,0.665762359794301,0.665762359794301,-0.03311783223815551
535,0.9604643036511461,0.5750130943215572,-0.010800674394905355,0.20824693500483282,0.8807582285835865,1.0,0.9300188022711757,0.9668821677618444
536,1.0,0.48426382884881347,-0.07773297848883148,0.3785493103343962,1.0,1.0,1.0,1.0
537,1.0,0.5361162154886134,0.9222670215111686,0.5434662288562676,1.0,1.0,1.0,0.9330676959060739
538,1.0,0.5879686021284134,1.0,0.7083831473781391,1.0,1.0,1.0,0.8661353918121477
539,0.9582202949742876,0.546188897102701,0.9582202949742876,0.6666034423524267,0.9582202949742876,0.9582202949742876,0.9582202949742876,0.8243556867864353
540,0.9164405899485752,0.5044091920769886,0.9164405899485752,0.6248237373267144,0.9164405899485752,0.9164405899485752,0.9164405899485752,0.782575981760723
541,0.8746608849228629,0.46262948705127627,0.8746608849228629,0.583044032301002,0.8746608849228629,0.8746608849228629,0.8746608849228629,0.7407962767350106
542,0.8328811798971505,0.4208497820255639,0.8328811798971505,0.5412643272752896,0.8328811798971505,0.8328811798971505,0.8328811798971505,0.6990165717092982
543,0.7911014748714381,0.3790700769998515,0.7911014748714381,0.49948462224957724,0.7911014748714381,0.7911014748714381,0.7911014748714381,0.6572368666835858
544,0.7493217698457257,0.33729037197413914,0.7493217698457257,0.45770491722386486,0.7493217698457257,0.7493217698457257,0.7493217698457257,0.6154571616578735
545,0.7075420648200134,0.29551066694842676,0.7075420648200134,0.4159252121981525,0.7075420648200134,0.7075420648200134,0.7075420648200134,0.5736774566321611
546,0.665762359794301,0.2537309619227144,0.665762359794301,0.3741455071724401,0.665762359794301,0.665762359794301,0.665762359794301,0.5318977516064487
547,0.6239826547685886,0.211951256897002,0.6239826547685886,0.33236580214672773,0.6239826547685886,0.6239826547685886,0.6239826547685886,0.4901180465807363
548,0.5822029497428762,0.17017155187128963,0.5822029497428762,0.29058609712101535,0.5822029497428762,0.5822029497428762,0.5822029497428762,0.44833834155502394
549,0.5404232447171639,0.12839184684557725,0.5404232447171639,0.24880639209530298,0.5404232447171639,0.5404232447171639,0.5404232447171639,0.40655863652931157
550,0.4986435396914515,0.08661214181986489,0.4986435396914515,0.2070266870695906,0.4986435396914515,0.4986435396914515,0.4986435396914515,0.3647789315035992
551,0.4568638346657391,0.044832436794152525,0.4568638346657391,0.16524698204387822,0.4568638346657391,0.4568638346657391,0.4568638346657391,0.3229992264778868
552,0.4150841296400267,0.0030527317684401617,0.4150841296400267,0.12346727701816586,0.4150841296400267,0.4150841296400267,0.4150841296400267,0.28121952145217444
553,0.37330442461431435,-0.0387269732572722,0.37330442461431435,0.0816875719924535,0.37330442461431435,0.37330442461431435,0.37330442461431435,0.23943981642646206
554,0.30217033256148196,0.9612730267427279,0.42515681125411436,-0.21133147555420606,0.39178693361725175,0.5552711442745372,0.5900030802169866,0.1486905509537183
555,0.23103624050864957,1.0,0.4770091978939144,-0.5043505231008656,0.41026944262018916,0.73723786393476,0.8067017358196588,0.05794128548097453
556,0.5732144356421774,0.7069809524533405,0.6419261164157858,0.4956494768991344,0.7453394356599766,1.0,0.9215124440449286,0.22824366081053793
557,0.9153926307757053,0.4139619049066809,0.8068430349376573,1.0,1.0,1.0,1.0,0.3985460361401013
558,0.8736129257499929,0.3721821998809685,0.7650633299119449,0.9582202949742876,0.9582202949742876,0.9582202949742876,0.9582202949742876,0.35676633111438893
559,0.8318332207242806,0.33040249485525613,0.7232836248862325,0.9164405899485752,0.9164405899485752,0.9164405899485752,0.9164405899485752,0.31498662608867656
560,0.7900535156985682,0.28862278982954376,0.6815039198605202,0.8746608849228629,0.8746608849228629,0.8746608849228629,0.8746608849228629,0.2732069210629642
561,0.7482738106728558,0.24684308480383138,0.6397242148348078,0.8328811798971505,0.8328811798971505,0.8328811798971505,0.8328811798971505,0.2314272160372518
562,0.7064941056471434,0.205063379778119,0.5979445098090954,0.7911014748714381,0.7911014748714381,0.7911014748714381,0.7911014748714381,0.18964751101153943
563,0.6647144006214311,0.16328367475240663,0.556164804783383,0.7493217698457257,0.7493217698457257,0.7493217698457257,0.7493217698457257,0.14786780598582705
564,0.6229346955957187,0.12150396972669426,0.5143850997576707,0.7075420648200134,0.7075420648200134,0.7075420648200134,0.7075420648200134,0.10608810096011469
565,0.5811549905700063,0.0797242647009819,0.4726053947319583,0.665762359794301,0.665762359794301,0.665762359794301,0.665762359794301,0.06430839593440232
566,0.5393752855442939,0.03794455967526954,0.4308256897062459,0.6239826547685886,0.6239826547685886,0.6239826547685886,0.6239826547685886,0.02252869090868996
567,0.49759558051858155,-0.0038351453504428257,0.38904598468053353,0.5822029497428762,0.5822029497428762,0.5822029497428762,0.5822029497428762,-0.019251014117022403
568,0.9763454135068038,-0.0945844108231866,0.3221136805866074,0.7525053250724396,0.8020135055519992,1.0,0.846459392219751,0.9807489858829777
569,1.0,-0.1853336762959304,0.25518137649268124,0.922807700402003,1.0,1.0,1.0,1.0
570,0.9288659079471676,0.8146663237040697,0.30703376313248126,0.6297886528553435,1.0,1.0,1.0,0.9092507345272562
571,0.8577318158943352,1.0,0.3588861497722813,0.3367696053086839,1.0,1.0,1.0,0.8185014690545125
572,0.8159521108686228,0.9582202949742876,0.3171064447465689,0.2949899002829715,0.9582202949742876,0.9582202949742876,0.9582202949742876,0.7767217640288001
573,0.7741724058429105,0.9164405899485752,0.27532673972085653,0.25321019525725913,0.9164405899485752,0.9164405899485752,0.9164405899485752,0.7349420590030877
574,0.7323927008171981,0.8746608849228629,0.23354703469514415,0.21143049023154675,0.8746608849228629,0.8746608849228629,0.8746608849228629,0.6931623539773754
575,0.6906129957914857,0.8328811798971505,0.19176732966943177,0.16965078520583438,0.8328811798971505,0.8328811798971505,0.8328811798971505,0.651382648951663
576,0.6488332907657733,0.7911014748714381,0.1499876246437194,0.127871080180122,0.7911014748714381,0.7911014748714381,0.7911014748714381,0.6096029439259506
577,0.607053585740061,0.7493217698457257,0.10820791961800703,0.08609137515440964,0.7493217698457257,0.7493217698457257,0.7493217698457257,0.5678232389002382
578,0.5652738807143486,0.7075420648200134,0.06642821459229467,0.04431167012869727,0.7075420648200134,0.7075420648200134,0.7075420648200134,0.5260435338745258
579,0.5234941756886362,0.665762359794301,0.024648509566582308,0.0025319651029849094,0.665762359794301,0.665762359794301,0.665762359794301,0.48426382884881347
580,0.48171447066292383,0.6239826547685886,-0.017131195459130055,-0.039247739922727454,0.6239826547685886,0.6239826547685886,0.6239826547685886,0.4424841238231011
581,0.8238926657964517,0.330963607221929,0.1477857230627414,0.9607522600772725,0.9590526478083762,0.9225522928093118,0.7387933629938584,0.6127864991526645
582,1.0,0.037944559675269454,0.31270264158461286,1.0,1.0,1.0,0.8536040712191283,0.7830888744822279
583,0.9582202949742876,-0.003835145350442909,0.2709229365589005,0.9582202949742876,0.9582202949742876,0.9582202949742876,0.8118243661934159,0.7413091694565155
584,0.8870862029214552,0.9961648546495571,0.3227753231987005,0.665201247427628,0.9767028039772251,1.0,1.0,0.6505599039837717
585,0.8159521108686228,1.0,0.3746277098385005,0.3721821998809684,0.9951853129801626,1.0,1.0,0.559810638511028
586,0.7741724058429105,0.9582202949742876,0.33284800481278815,0.330402494855256,0.9534056079544502,0.9582202949742876,0.9582202949742876,0.5180309334853156
587,0.7323927008171981,0.9164405899485752,0.29106829978707577,0.28862278982954365,0.9116259029287378,0.9164405899485752,0.9164405899485752,0.4762512284596032
588,0.6906129957914857,0.8746608849228629,0.2492885947613634,0.24684308480383127,0.8698461979030254,0.8746608849228629,0.8746608849228629,0.43447152343389084
589,0.6488332907657733,0.8328811798971505,0.20750888973565101,0.2050633797781189,0.828066492877313,0.8328811798971505,0.8328811798971505,0.39269181840817846
590,0.607053585740061,0.7911014748714381,0.16572918470993864,0.16328367475240652,0.7862867878516007,0.7911014748714381,0.7911014748714381,0.3509121133824661
591,0.5652738807143486,0.7493217698457257,0.12394947968422627,0.12150396972669415,0.7445070828258883,0.7493217698457257,0.7493217698457257,0.3091324083567537
592,0.5234941756886362,0.7075420648200134,0.08216977465851391,0.07972426470098179,0.7027273778001759,0.7075420648200134,0.7075420648200134,0.26735270333104133
593,0.48171447066292383,0.665762359794301,0.04039006963280155,0.037944559675269426,0.6609476727744635,0.665762359794301,0.665762359794301,0.22557299830532895
594,0.43993476563721146,0.6239826547685886,-0.0013896353929108152,-0.0038351453504429367,0.6191679677487512,0.6239826547685886,0.6239826547685886,0.18379329327961658
595,0.7821129607707394,0.330963607221929,0.16352728312896064,0.9961648546495571,0.9542379607885386,0.9225522928093118,0.7387933629938584,0.35409566860917996
596,1.0,0.037944559675269454,0.3284442016508321,1.0,1.0,1.0,0.8536040712191283,0.5243980439387433
597,0.9582202949742876,-0.003835145350442909,0.2866644966251197,0.9582202949742876,0.9582202949742876,0.9582202949742876,0.8118243661934159,0.48261833891303096
598,0.8870862029214552,0.9961648546495571,0.33851688326491974,0.665201247427628,0.9767028039772251,1.0,1.0,0.3918690734402872
599,0.8159521108686228,1.0,0.39036926990471976,0.3721821998809684,0.9951853129801626,1.0,1.0,0.30111980796754345
600,0.7741724058429105,0.9582202949742876,0.3485895648790074,0.330402494855256,0.9534056079544502,0.9582202949742876,0.9582202949742876,0.2593401029418311
601,0.7323927008171981,0.9164405899485752,0.306809859853295,0.28862278982954365,0.9116259029287378,0.9164405899485752,0.9164405899485752,0.2175603979161187
602,0.6906129957914857,0.8746608849228629,0.26503015482758263,0.24684308480383127,0.8698461979030254,0.8746608849228629,0.8746608849228629,0.17578069289040632
603,0.6488332907657733,0.8328811798971505,0.22325044980187025,0.2050633797781189,0.828066492877313,0.8328811798971505,0.8328811798971505,0.13400098786469394
604,0.607053585740061,0.7911014748714381,0.18147074477615788,0.16328367475240652,0.7862867878516007,0.7911014748714381,0.7911014748714381,0.09222128283898158
605,0.5652738807143486,0.7493217698457257,0.1396910397504455,0.12150396972669415,0.7445070828258883,0.7493217698457257,0.7493217698457257,0.05044157781326922
606,0.5234941756886362,0.7075420648200134,0.09791133472473314,0.07972426470098179,0.7027273778001759,0.7075420648200134,0.7075420648200134,0.008661872787556854
607,0.48171447066292383,0.665762359794301,0.056131629699020774,0.037944559675269426,0.6609476727744635,0.665762359794301,0.665762359794301,-0.03311783223815551
608,0.9604643036511461,0.5750130943215572,-0.010800674394905355,0.20824693500483282,0.8807582285835865,1.0,0.9300188022711757,0.9668821677618444
609,1.0,0.48426382884881347,-0.07773297848883148,0.3785493103343962,1.0,1.0,1.0,1.0
610,1.0,0.5361162154886134,0.9222670215111686,0.5434662288562676,1.0,1.0,1.0,0.9330676959060739
611,1.0,0.5879686021284134,1.0,0.7083831473781391,1.0,1.0,1.0,0.8661353918121477
612,0.9582202949742876,0.546188897102701,0.9582202949742876,0.6666034423524267,0.9582202949742876,0.9582202949742876,0.9582202949742876,0.8243556867864353
613,0.9164405899485752,0.5044091920769886,0.9164405899485752,0.6248237373267144,0.9164405899485752,0.9164405899485752,0.9164405899485752,0.782575981760723
614,0.8746608849228629,0.46262948705127627,0.8746608849228629,0.583044032301002,0.8746608849228629,0.8746608849228629,0.8746608849228629,0.7407962767350106
615,0.8328811798971505,0.4208497820255639,0.8328811798971505,0.5412643272752896,0.8328811798971505,0.8328811798971505,0.8328811798971505,0.6990165717092982
616,0.7911014748714381,0.3790700769998515,0.7911014748714381,0.49948462224957724,0.7911014748714381,0.7911014748714381,0.7911014748714381,0.6572368666835858
617,0.7493217698457257,0.33729037197413914,0.7493217698457257,0.45770491722386486,0.7493217698457257,0.7493217698457257,0.7493217698457257,0.6154571616578735
618,0.7075420648200134,0.29551066694842676,0.7075420648200134,0.4159252121981525,0.7075420648200134,0.7075420648200134,0.7075420648200134,0.5736774566321611
619,0.665762359794301,0.2537309619227144,0.665762359794301,0.3741455071724401,0.665762359794301,0.665762359794301,0.665762359794301,0.5318977516064487
620,0.6239826547685886,0.211951256897002,0.6239826547685886,0.33236580214672773,0.6239826547685886,0.6239826547685886,0.6239826547685886,0.4901180465807363
621,0.5822029497428762,0.17017155187128963,0.5822029497428762,0.29058609712101535,0.5822029497428762,0.5822029497428762,0.5822029497428762,0.44833834155502394
622,0.5404232447171639,0.12839184684557725,0.5404232447171639,0.24880639209530298,0.5404232447171639,0.5404232447171639,0.5404232447171639,0.40655863652931157
623,0.4986435396914515,0.08661214181986489,0.4986435396914515,0.2070266870695906,0.4986435396914515,0.4986435396914515,0.4986435396914515,0.3647789315035992
624,0.4568638346657391,0.044832436794152525,0.4568638346657391,0.16524698204387822,0.4568638346657391,0.4568638346657391,0.4568638346657391,0.3229992264778868
625,0.4150841296400267,0.0030527317684401617,0.4150841296400267,0.12346727701816586,0.4150841296400267,0.4150841296400267,0.4150841296400267,0.28121952145217444
626,0.37330442461431435,-0.0387269732572722,0.37330442461431435,0.0816875719924535,0.37330442461431435,0.37330442461431435,0.37330442461431435,0.23943981642646206
627,0.30217033256148196,0.9612730267427279,0.42515681125411436,-0.21133147555420606,0.39178693361725175,0.5552711442745372,0.5900030802169866,0.1486905509537183
628,0.23103624050864957,1.0,0.4770091978939144,-0.5043505231008656,0.41026944262018916,0.73723786393476,0.8067017358196588,0.05794128548097453
629,0.5732144356421774,0.7069809524533405,0.6419261164157858,0.4956494768991344,0.7453394356599766,1.0,0.9215124440449286,0.22824366081053793
630,0.9153926307757053,0.4139619049066809,0.8068430349376573,1.0,1.0,1.0,1.0,0.3985460361401013
631,0.8736129257499929,0.3721821998809685,0.7650633299119449,0.9582202949742876,0.9582202949742876,0.9582202949742876,0.9582202949742876,0.35676633111438893
632,0.8318332207242806,0.33040249485525613,0.7232836248862325,0.9164405899485752,0.9164405899485752,0.9164405899485752,0.9164405899485752,0.31498662608867656
633,0.7900535156985682,0.28862278982954376,0.6815039198605202,0.8746608849228629,0.8746608849228629,0.8746608849228629,0.8746608849228629,0.2732069210629642
634,0.7482738106728558,0.24684308480383138,0.6397242148348078,0.8328811798971505,0.8328811798971505,0.8328811798971505,0.8328811798971505,0.2314272160372518
635,0.7064941056471434,0.205063379778119,0.5979445098090954,0.7911014748714381,0.7911014748714381,0.7911014748714381,0.7911014748714381,0.18964751101153943
636,0.6647144006214311,0.16328367475240663,0.556164804783383,0.7493217698457257,0.7493217698457257,0.7493217698457257,0.7493217698457257,0.14786780598582705
637,0.6229346955957187,0.12150396972669426,0.5143850997576707,0.7075420648200134,0.7075420648200134,0.7075420648200134,0.7075420648200134,0.10608810096011469
638,0.5811549905700063,0.0797242647009819,0.4726053947319583,0.665762359794301,0.665762359794301,0.665762359794301,0.665762359794301,0.06430839593440232
639,0.5393752855442939,0.03794455967526954,0.4308256897062459,0.6239826547685886,0.6239826547685886,0.6239826547685886,0.6239826547685886,0.02252869090868996
640,0.49759558051858155,-0.0038351453504428257,0.38904598468053353,0.5822029497428762,0.5822029497428762,0.5822029497428762,0.5822029497428762,-0.019251014117022403
641,0.9763454135068038,-0.0945844108231866,0.3221136805866074,0.7525053250724396,0.8020135055519992,1.0,0.846459392219751,0.9807489858829777
642,1.0,-0.1853336762959304,0.25518137649268124,0.922807700402003,1.0,1.0,1.0,1.0
643,0.9288659079471676,0.8146663237040697,0.30703376313248126,0.6297886528553435,1.0,1.0,1.0,0.9092507345272562
644,0.8577318158943352,1.0,0.3588861497722813,0.3367696053086839,1.0,1.0,1.0,0.8185014690545125
645,0.8159521108686228,0.9582202949742876,0.3171064447465689,0.2949899002829715,0.9582202949742876,0.9582202949742876,0.9582202949742876,0.7767217640288001
646,0.7741724058429105,0.9164405899485752,0.27532673972085653,0.25321019525725913,0.9164405899485752,0.9164405899485752,0.9164405899485752,0.7349420590030877
647,0.7323927008171981,0.8746608849228629,0.23354703469514415,0.21143049023154675,0.8746608849228629,0.8746608849228629,0.8746608849228629,0.6931623539773754
648,0.6906129957914857,0.8328811798971505,0.19176732966943177,0.16965078520583438,0.8328811798971505,0.8328811798971505,0.8328811798971505,0.651382648951663
649,0.6488332907657733,0.7911014748714381,0.1499876246437194,0.127871080180122,0.7911014748714381,0.7911014748714381,0.7911014748714381,0.6096029439259506
650,0.607053585740061,0.7493217698457257,0.10820791961800703,0.08609137515440964,0.7493217698457257,0.7493217698457257,0.7493217698457257,0.5678232389002382
651,0.5652738807143486,0.7075420648200134,0.06642821459229467,0.04431167012869727,0.7075420648200134,0.7075420648200134,0.7075420648200134,0.5260435338745258
652,0.5234941756886362,0.665762359794301,0.024648509566582308,0.0025319651029849094,0.665762359794301,0.665762359794301,0.665762359794301,0.48426382884881347
653,0.48171447066292383,0.6239826547685886,-0.017131195459130055,-0.039247739922727454,0.6239826547685886,0.6239826547685886,0.6239826547685886,0.4424841238231011
654,0.710317899498059,0.6758350414083886,0.98286880454087,0.125669178599144,1.0,0.661819118575705,0.8099997586552096,0.37555181972917495
655,0.9389213283331942,0.7276874280481885,1.0,0.29058609712101546,1.0,0.6996555823828213,0.9960168625418305,0.3086195156352488
656,0.8971416233074818,0.6859077230224762,0.9582202949742876,0.24880639209530309,0.9582202949742876,0.657875877357109,0.9542371575161182,0.26683981060953643
657,0.8553619182817694,0.6441280179967638,0.9164405899485752,0.2070266870695907,0.9164405899485752,0.6160961723313966,0.9124574524904058,0.22506010558382405
658,0.8135822132560571,0.6023483129710514,0.8746608849228629,0.16524698204387833,0.8746608849228629,0.5743164673056842,0.8706777474646934,0.18328040055811168
659,0.7718025082303447,0.560568607945339,0.8328811798971505,0.12346727701816597,0.8328811798971505,0.5325367622799718,0.828898042438981,0.1415006955323993
660,0.7300228032046323,0.5187889029196266,0.7911014748714381,0.0816875719924536,0.7911014748714381,0.49075705725425944,0.7871183374132686,0.09972099050668694
661,0.6882430981789199,0.47700919789391427,0.7493217698457257,0.03990786696674124,0.7493217698457257,0.44897735222854707,0.7453386323875563,0.057941285480974575
662,0.6464633931532076,0.4352294928682019,0.7075420648200134,-0.0018718380589711203,0.7075420648200134,0.4071976472028347,0.7035589273618439,0.01616158045526221
663,0.9886415882867355,0.1422104453215423,0.8724589833418849,0.9981281619410289,1.0,0.7057672852435578,0.8183696355871138,0.1864639557848256
664,1.0,-0.15080860222511727,1.0,1.0,1.0,1.0,0.9331803438123837,0.356766331114389
665,0.9288659079471676,0.8491913977748827,1.0,0.7069809524533405,1.0,1.0,1.0,0.2660170656416452
666,0.8577318158943352,1.0,1.0,0.4139619049066809,1.0,1.0,1.0,0.17526780016890142
667,0.8159521108686228,0.9582202949742876,0.9582202949742876,0.3721821998809685,0.9582202949742876,0.9582202949742876,0.9582202949742876,0.13348809514318905
668,0.7741724058429105,0.9164405899485752,0.9164405899485752,0.33040249485525613,0.9164405899485752,0.9164405899485752,0.9164405899485752,0.09170839011747668
669,0.7323927008171981,0.8746608849228629,0.8746608849228629,0.28862278982954376,0.8746608849228629,0.8746608849228629,0.8746608849228629,0.04992868509176432
670,0.6906129957914857,0.8328811798971505,0.8328811798971505,0.24684308480383138,0.8328811798971505,0.8328811798971505,0.8328811798971505,0.008148980066051956
671,0.6488332907657733,0.7911014748714381,0.7911014748714381,0.205063379778119,0.7911014748714381,0.7911014748714381,0.7911014748714381,-0.03363072495966041
672,1.0,0.7003522093986944,0.724169170777512,0.3753657551076824,1.0,1.0,1.0,0.9663692750403396
673,1.0,0.6096029439259506,0.6572368666835858,0.5456681304372458,1.0,1.0,1.0,1.0
674,0.9582202949742876,0.5678232389002382,0.6154571616578735,0.5038884254115334,0.9582202949742876,0.9582202949742876,0.9582202949742876,0.9582202949742876
675,0.9164405899485752,0.5260435338745258,0.5736774566321611,0.46210872038582107,0.9164405899485752,0.9164405899485752,0.9164405899485752,0.9164405899485752
676,0.8746608849228629,0.48426382884881347,0.5318977516064487,0.4203290153601087,0.8746608849228629,0.8746608849228629,0.8746608849228629,0.8746608849228629
677,0.8328811798971505,0.4424841238231011,0.4901180465807363,0.3785493103343963,0.8328811798971505,0.8328811798971505,0.8328811798971505,0.8328811798971505
678,0.7911014748714381,0.4007044187973887,0.44833834155502394,0.33676960530868394,0.7911014748714381,0.7911014748714381,0.7911014748714381,0.7911014748714381
679,0.7493217698457257,0.35892471377167634,0.40655863652931157,0.29498990028297156,0.7493217698457257,0.7493217698457257,0.7493217698457257,0.7493217698457257
680,0.7075420648200134,0.31714500874596396,0.3647789315035992,0.2532101952572592,0.7075420648200134,0.7075420648200134,0.7075420648200134,0.7075420648200134
681,0.665762359794301,0.2753653037202516,0.3229992264778868,0.2114304902315468,0.665762359794301,0.665762359794301,0.665762359794301,0.665762359794301
682,0.6239826547685886,0.2335855986945392,0.28121952145217444,0.16965078520583443,0.6239826547685886,0.6239826547685886,0.6239826547685886,0.6239826547685886
683,0.5822029497428762,0.19180589366882683,0.23943981642646206,0.12787108018012205,0.5822029497428762,0.5822029497428762,0.5822029497428762,0.5822029497428762
684,0.5404232447171639,0.15002618864311446,0.19766011140074968,0.08609137515440969,0.5404232447171639,0.5404232447171639,0.5404232447171639,0.5404232447171639
685,0.4986435396914515,0.10824648361740209,0.1558804063750373,0.04431167012869733,0.4986435396914515,0.4986435396914515,0.4986435396914515,0.4986435396914515
686,0.4568638346657391,0.06646677859168973,0.11410070134932494,0.002531965102984965,0.4568638346657391,0.4568638346657391,0.4568638346657391,0.4568638346657391
687,0.4150841296400267,0.024687073565977366,0.07232099632361258,-0.0392477399227274,0.4150841296400267,0.4150841296400267,0.4150841296400267,0.4150841296400267
688,0.7572623247735547,-0.2683319739806822,0.23723791484548407,0.9607522600772727,0.7501541226798142,0.7136537676807498,0.5298948378652967,0.5853865049695901
689,1.0,-0.5613510215273417,0.4021548333673555,1.0,1.0,1.0,0.6447055460905665,0.7556888802991535
690,0.9288659079471676,0.43864897847265827,0.45400722000715554,0.7069809524533405,1.0,1.0,0.8614042016932387,0.6649396148264097
691,0.8577318158943352,1.0,0.5058596066469555,0.4139619049066809,1.0,1.0,1.0,0.574190349353666
692,0.8159521108686228,0.9582202949742876,0.46407990162124313,0.3721821998809685,0.9582202949742876,0.9582202949742876,0.9582202949742876,0.5324106443279536
693,0.7741724058429105,0.9164405899485752,0.42230019659553075,0.33040249485525613,0.9164405899485752,0.9164405899485752,0.9164405899485752,0.4906309393022412
694,0.7323927008171981,0.8746608849228629,0.3805204915698184,0.28862278982954376,0.8746608849228629,0.8746608849228629,0.8746608849228629,0.44885123427652884
695,0.6906129957914857,0.8328811798971505,0.338740786544106,0.24684308480383138,0.8328811798971505,0.8328811798971505,0.8328811798971505,0.40707152925081647
696,0.6488332907657733,0.7911014748714381,0.2969610815183936,0.205063379778119,0.7911014748714381,0.7911014748714381,0.7911014748714381,0.3652918242251041
697,0.607053585740061,0.7493217698457257,0.25518137649268124,0.16328367475240663,0.7493217698457257,0.7493217698457257,0.7493217698457257,0.3235121191993917
698,0.5652738807143486,0.7075420648200134,0.21340167146696887,0.12150396972669426,0.7075420648200134,0.7075420648200134,0.7075420648200134,0.28173241417367934
699,0.5234941756886362,0.665762359794301,0.1716219664412565,0.0797242647009819,0.665762359794301,0.665762359794301,0.665762359794301,0.23995270914796696
700,0.48171447066292383,0.6239826547685886,0.1298422614155441,0.03794455967526954,0.6239826547685886,0.6239826547685886,0.6239826547685886,0.19817300412225458
701,0.43993476563721146,0.5822029497428762,0.08806255638983175,-0.0038351453504428257,0.5822029497428762,0.5822029497428762,0.5822029497428762,0.1563932990965422
702,0.7821129607707394,0.28918390219621665,0.2529794749117032,0.9961648546495572,0.9172729427826637,0.8807725877835993,0.6970136579681462,0.3266956744261056
703,1.0,-0.003835145350442923,0.41789639343357465,1.0,1.0,1.0,0.811824366193416,0.49699804975566897
704,0.9288659079471676,0.9961648546495571,0.4697487800733746,0.7069809524533405,1.0,1.0,1.0,0.4062487842829252
705,0.8577318158943352,1.0,0.5216011667131746,0.4139619049066809,1.0,1.0,1.0,0.31549951881018146
706,0.8159521108686228,0.9582202949742876,0.4798214616874622,0.3721821998809685,0.9582202949742876,0.9582202949742876,0.9582202949742876,0.2737198137844691
707,0.7741724058429105,0.9164405899485752,0.4380417566617498,0.33040249485525613,0.9164405899485752,0.9164405899485752,0.9164405899485752,0.2319401087587567
708,0.7323927008171981,0.8746608849228629,0.39626205163603745,0.28862278982954376,0.8746608849228629,0.8746608849228629,0.8746608849228629,0.19016040373304433
709,0.6906129957914857,0.8328811798971505,0.35448234661032507,0.24684308480383138,0.8328811798971505,0.8328811798971505,0.8328811798971505,0.14838069870733195
710,0.6488332907657733,0.7911014748714381,0.3127026415846127,0.205063379778119,0.7911014748714381,0.7911014748714381,0.7911014748714381,0.10660099368161959
711,0.607053585740061,0.7493217698457257,0.2709229365589003,0.16328367475240663,0.7493217698457257,0.7493217698457257,0.7493217698457257,0.06482128865590722
712,0.5652738807143486,0.7075420648200134,0.22914323153318794,0.12150396972669426,0.7075420648200134,0.7075420648200134,0.7075420648200134,0.02304158363019486
713,0.5234941756886362,0.665762359794301,0.18736352650747556,0.0797242647009819,0.665762359794301,0.665762359794301,0.665762359794301,-0.018738121395517504
714,1.0,0.5750130943215572,0.12043122241354944,0.2500266400305453,0.885572915603424,1.0,0.9300188022711757,0.9812618786044824
715,1.0,0.48426382884881347,0.053498918319623306,0.4203290153601087,1.0,1.0,1.0,1.0
716,0.9582202949742876,0.4424841238231011,0.011719213293910943,0.3785493103343963,0.9582202949742876,0.9582202949742876,0.9582202949742876,0.9582202949742876
717,0.9164405899485752,0.4007044187973887,-0.03006049173180142,0.33676960530868394,0.9164405899485752,0.9164405899485752,0.9164405899485752,0.9164405899485752
718,1.0,0.45255680543718874,0.9699395082681985,0.5016865238305553,1.0,0.9542770537556916,1.0,0.8495082858546491
719,1.0,0.5044091920769888,1.0,0.6666034423524269,1.0,0.9921135175628081,1.0,0.782575981760723
720,0.9582202949742876,0.4626294870512764,0.9582202949742876,0.6248237373267145,0.9582202949742876,0.9503338125370957,0.9582202949742876,0.7407962767350106
721,0.9164405899485752,0.420849782025564,0.9164405899485752,0.5830440323010021,0.9164405899485752,0.9085541075113833,0.9164405899485752,0.6990165717092982
722,0.8746608849228629,0.3790700769998516,0.8746608849228629,0.5412643272752897,0.8746608849228629,0.866774402485671,0.8746608849228629,0.6572368666835858
723,0.8328811798971505,0.33729037197413925,0.8328811798971505,0.49948462224957735,0.8328811798971505,0.8249946974599586,0.8328811798971505,0.6154571616578735
724,0.7911014748714381,0.29551066694842687,0.7911014748714381,0.45770491722386497,0.7911014748714381,0.7832149924342462,0.7911014748714381,0.5736774566321611
725,0.7493217698457257,0.2537309619227145,0.7493217698457257,0.4159252121981526,0.7493217698457257,0.7414352874085338,0.7493217698457257,0.5318977516064487
726,0.7075420648200134,0.21195125689700212,0.7075420648200134,0.3741455071724402,0.7075420648200134,0.6996555823828214,0.7075420648200134,0.4901180465807363
727,0.665762359794301,0.17017155187128974,0.665762359794301,0.33236580214672784,0.665762359794301,0.6578758773571091,0.665762359794301,0.44833834155502394
728,0.6239826547685886,0.12839184684557736,0.6239826547685886,0.29058609712101546,0.6239826547685886,0.6160961723313967,0.6239826547685886,0.40655863652931157
729,0.5822029497428762,0.086612141819865,0.5822029497428762,0.24880639209530309,0.5822029497428762,0.5743164673056843,0.5822029497428762,0.3647789315035992
730,0.5404232447171639,0.044832436794152636,0.5404232447171639,0.2070266870695907,0.5404232447171639,0.5325367622799719,0.5404232447171639,0.3229992264778868
731,0.4986435396914515,0.0030527317684402727,0.4986435396914515,0.16524698204387833,0.4986435396914515,0.49075705725425955,0.4986435396914515,0.28121952145217444
732,0.4568638346657391,-0.03872697325727209,0.4568638346657391,0.12346727701816597,0.4568638346657391,0.4489773522285472,0.4568638346657391,0.23943981642646206
733,0.3857297426129067,0.9612730267427279,0.5087162213055391,-0.16955177052849363,0.47534634366867656,0.63094407188877,0.6735624902684113,0.1486905509537183
734,0.3145956505600743,1.0,0.560568607945339,-0.4625708180751532,0.493828852671614,0.8129107915489928,0.8902611458710835,0.05794128548097453
735,0.6567738456936022,0.7069809524533405,0.7254855264672105,0.5374291819248468,0.8288988457114015,1.0,1.0,0.22824366081053793
736,0.9989520408271301,0.4139619049066809,0.890402444989082,1.0,1.0,1.0,1.0,0.3985460361401013
737,0.9571723358014177,0.3721821998809685,0.8486227399633697,0.9582202949742876,0.9582202949742876,0.9582202949742876,0.9582202949742876,0.35676633111438893
738,0.9153926307757053,0.33040249485525613,0.8068430349376573,0.9164405899485752,0.9164405899485752,0.9164405899485752,0.9164405899485752,0.31498662608867656
739,0.8736129257499929,0.28862278982954376,0.7650633299119449,0.8746608849228629,0.8746608849228629,0.8746608849228629,0.8746608849228629,0.2732069210629642
740,0.8318332207242806,0.24684308480383138,0.7232836248862325,0.8328811798971505,0.8328811798971505,0.8328811798971505,0.8328811798971505,0.2314272160372518
741,0.7900535156985682,0.205063379778119,0.6815039198605202,0.7911014748714381,0.7911014748714381,0.7911014748714381,0.7911014748714381,0.18964751101153943
742,0.7482738106728558,0.16328367475240663,0.6397242148348078,0.7493217698457257,0.7493217698457257,0.7493217698457257,0.7493217698457257,0.14786780598582705
743,0.7064941056471434,0.12150396972669426,0.5979445098090954,0.7075420648200134,0.7075420648200134,0.7075420648200134,0.7075420648200134,0.10608810096011469
744,0.6647144006214311,0.0797242647009819,0.556164804783383,0.665762359794301,0.665762359794301,0.665762359794301,0.665762359794301,0.06430839593440232
745,0.6229346955957187,0.03794455967526954,0.5143850997576707,0.6239826547685886,0.6239826547685886,0.6239826547685886,0.6239826547685886,0.02252869090868996
746,0.5811549905700063,-0.0038351453504428257,0.4726053947319583,0.5822029497428762,0.5822029497428762,0.5822029497428762,0.5822029497428762,-0.019251014117022403
747,1.0,-0.0945844108231866,0.40567309063803214,0.7525053250724396,0.8020135055519992,1.0,0.846459392219751,0.9807489858829777
748,1.0,-0.1853336762959304,0.338740786544106,0.922807700402003,1.0,1.0,1.0,1.0
749,0.9288659079471676,0.8146663237040697,0.390593173183906,0.6297886528553435,1.0,1.0,1.0,0.9092507345272562
750,0.8577318158943352,1.0,0.44244555982370604,0.3367696053086839,1.0,1.0,1.0,0.8185014690545125
751,0.8159521108686228,0.9582202949742876,0.40066585479799366,0.2949899002829715,0.9582202949742876,0.9582202949742876,0.9582202949742876,0.7767217640288001
752,0.7741724058429105,0.9164405899485752,0.3588861497722813,0.25321019525725913,0.9164405899485752,0.9164405899485752,0.9164405899485752,0.7349420590030877
753,0.7323927008171981,0.8746608849228629,0.3171064447465689,0.21143049023154675,0.8746608849228629,0.8746608849228629,0.8746608849228629,0.6931623539773754
754,0.6906129957914857,0.8328811798971505,0.27532673972085653,0.16965078520583438,0.8328811798971505,0.8328811798971505,0.8328811798971505,0.651382648951663
755,0.6488332907657733,0.7911014748714381,0.23354703469514415,0.127871080180122,0.7911014748714381,0.7911014748714381,0.7911014748714381,0.6096029439259506
756,0.607053585740061,0.7493217698457257,0.19176732966943177,0.08609137515440964,0.7493217698457257,0.7493217698457257,0.7493217698457257,0.5678232389002382
757,0.5652738807143486,0.7075420648200134,0.1499876246437194,0.04431167012869727,0.7075420648200134,0.7075420648200134,0.7075420648200134,0.5260435338745258
758,0.5234941756886362,0.665762359794301,0.10820791961800703,0.0025319651029849094,0.665762359794301,0.665762359794301,0.665762359794301,0.48426382884881347
759,0.48171447066292383,0.6239826547685886,0.06642821459229467,-0.039247739922727454,0.6239826547685886,0.6239826547685886,0.6239826547685886,0.4424841238231011
760,0.8238926657964517,0.330963607221929,0.23134513311416616,0.9607522600772725,0.9590526478083762,0.9225522928093118,0.7387933629938584,0.6127864991526645
761,1.0,0.037944559675269454,0.3962620516360376,1.0,1.0,1.0,0.8536040712191283,0.7830888744822279
762,0.9582202949742876,-0.003835145350442909,0.35448234661032524,0.9582202949742876,0.9582202949742876,0.9582202949742876,0.8118243661934159,0.7413091694565155
763,0.8870862029214552,0.9961648546495571,0.40633473325012526,0.665201247427628,0.9767028039772251,1.0,1.0,0.6505599039837717
764,0.8159521108686228,1.0,0.4581871198899253,0.3721821998809684,0.9951853129801626,1.0,1.0,0.559810638511028
765,0.7741724058429105,0.9582202949742876,0.4164074148642129,0.330402494855256,0.9534056079544502,0.9582202949742876,0.9582202949742876,0.5180309334853156
766,0.7323927008171981,0.9164405899485752,0.3746277098385005,0.28862278982954365,0.9116259029287378,0.9164405899485752,0.9164405899485752,0.4762512284596032
767,0.6906129957914857,0.8746608849228629,0.33284800481278815,0.24684308480383127,0.8698461979030254,0.8746608849228629,0.8746608849228629,0.43447152343389084
768,0.6488332907657733,0.8328811798971505,0.29106829978707577,0.2050633797781189,0.828066492877313,0.8328811798971505,0.8328811798971505,0.39269181840817846
769,0.607053585740061,0.7911014748714381,0.2492885947613634,0.16328367475240652,0.7862867878516007,0.7911014748714381,0.7911014748714381,0.3509121133824661
770,0.5652738807143486,0.7493217698457257,0.20750888973565101,0.12150396972669415,0.7445070828258883,0.7493217698457257,0.7493217698457257,0.3091324083567537
771,0.5234941756886362,0.7075420648200134,0.16572918470993864,0.07972426470098179,0.7027273778001759,0.7075420648200134,0.7075420648200134,0.26735270333104133
772,0.48171447066292383,0.665762359794301,0.12394947968422627,0.037944559675269426,0.6609476727744635,0.665762359794301,0.665762359794301,0.22557299830532895
773,0.43993476563721146,0.6239826547685886,0.08216977465851391,-0.0038351453504429367,0.6191679677487512,0.6239826547685886,0.6239826547685886,0.18379329327961658
774,0.7821129607707394,0.330963607221929,0.24708669318038534,0.9961648546495571,0.9542379607885386,0.9225522928093118,0.7387933629938584,0.35409566860917996
775,1.0,0.037944559675269454,0.4120036117022568,1.0,1.0,1.0,0.8536040712191283,0.5243980439387433
776,0.9582202949742876,-0.003835145350442909,0.3702239066765444,0.9582202949742876,0.9582202949742876,0.9582202949742876,0.8118243661934159,0.48261833891303096
777,0.8870862029214552,0.9961648546495571,0.42207629331634444,0.665201247427628,0.9767028039772251,1.0,1.0,0.3918690734402872
778,0.8159521108686228,1.0,0.4739286799561444,0.3721821998809684,0.9951853129801626,1.0,1.0,0.30111980796754345
779,0.7741724058429105,0.9582202949742876,0.43214897493043203,0.330402494855256,0.9534056079544502,0.9582202949742876,0.9582202949742876,0.2593401029418311
780,0.7323927008171981,0.9164405899485752,0.39036926990471965,0.28862278982954365,0.9116259029287378,0.9164405899485752,0.9164405899485752,0.2175603979161187
781,0.6906129957914857,0.8746608849228629,0.3485895648790073,0.24684308480383127,0.8698461979030254,0.8746608849228629,0.8746608849228629,0.17578069289040632
782,0.6488332907657733,0.8328811798971505,0.3068098598532949,0.2050633797781189,0.828066492877313,0.8328811798971505,0.8328811798971505,0.13400098786469394
783,0.607053585740061,0.7911014748714381,0.2650301548275825,0.16328367475240652,0.7862867878516007,0.7911014748714381,0.7911014748714381,0.09222128283898158
784,0.5652738807143486,0.7493217698457257,0.22325044980187014,0.12150396972669415,0.7445070828258883,0.7493217698457257,0.7493217698457257,0.05044157781326922
785,0.5234941756886362,0.7075420648200134,0.18147074477615777,0.07972426470098179,0.7027273778001759,0.7075420648200134,0.7075420648200134,0.008661872787556854
786,0.48171447066292383,0.665762359794301,0.1396910397504454,0.037944559675269426,0.6609476727744635,0.665762359794301,0.665762359794301,-0.03311783223815551
787,0.9604643036511461,0.5750130943215572,0.07275873565651926,0.20824693500483282,0.8807582285835865,1.0,0.9300188022711757,0.9668821677618444
788,1.0,0.48426382884881347,0.005826431562593132,0.3785493103343962,1.0,1.0,1.0,1.0
789,0.9582202949742876,0.4424841238231011,-0.03595327346311923,0.33676960530868383,0.9582202949742876,0.9582202949742876,0.9582202949742876,0.9582202949742876
790,1.0,0.49433651046290106,0.9640467265368807,0.5016865238305553,1.0,0.9960567587814039,1.0,0.8912879908803615
791,1.0,0.546188897102701,1.0,0.6666034423524269,1.0,1.0,1.0,0.8243556867864353
792,0.9582202949742876,0.5044091920769886,0.9582202949742876,0.6248237373267145,0.9582202949742876,0.9582202949742876,0.9582202949742876,0.782575981760723
793,0.9164405899485752,0.46262948705127627,0.9164405899485752,0.5830440323010021,0.9164405899485752,0.9164405899485752,0.9164405899485752,0.7407962767350106
794,0.8746608849228629,0.4208497820255639,0.8746608849228629,0.5412643272752897,0.8746608849228629,0.8746608849228629,0.8746608849228629,0.6990165717092982
795,0.8328811798971505,0.3790700769998515,0.8328811798971505,0.49948462224957735,0.8328811798971505,0.8328811798971505,0.8328811798971505,0.6572368666835858
796,0.7911014748714381,0.33729037197413914,0.7911014748714381,0.45770491722386497,0.7911014748714381,0.7911014748714381,0.7911014748714381,0.6154571616578735
797,0.7493217698457257,0.29551066694842676,0.7493217698457257,0.4159252121981526,0.7493217698457257,0.7493217698457257,0.7493217698457257,0.5736774566321611
798,0.7075420648200134,0.2537309619227144,0.7075420648200134,0.3741455071724402,0.7075420648200134,0.7075420648200134,0.7075420648200134,0.5318977516064487
799,0.665762359794301,0.211951256897002,0.665762359794301,0.33236580214672784,0.665762359794301,0.665762359794301,0.665762359794301,0.4901180465807363
800,0.6239826547685886,0.17017155187128963,0.6239826547685886,0.29058609712101546,0.6239826547685886,0.6239826547685886,0.6239826547685886,0.44833834155502394
801,0.5822029497428762,0.12839184684557725,0.5822029497428762,0.24880639209530309,0.5822029497428762,0.5822029497428762,0.5822029497428762,0.40655863652931157
802,0.5404232447171639,0.08661214181986489,0.5404232447171639,0.2070266870695907,0.5404232447171639,0.5404232447171639,0.5404232447171639,0.3647789315035992
803,0.4986435396914515,0.044832436794152525,0.4986435396914515,0.16524698204387833,0.4986435396914515,0.4986435396914515,0.4986435396914515,0.3229992264778868
804,0.4568638346657391,0.0030527317684401617,0.4568638346657391,0.12346727701816597,0.4568638346657391,0.4568638346657391,0.4568638346657391,0.28121952145217444
805,0.4150841296400267,-0.0387269732572722,0.4150841296400267,0.0816875719924536,0.4150841296400267,0.4150841296400267,0.4150841296400267,0.23943981642646206
806,0.34395003758719433,0.9612730267427279,0.4669365162798267,-0.21133147555420595,0.43356663864296413,0.5970508493002495,0.6317827852426989,0.1486905509537183
807,0.27281594553436195,1.0,0.5187889029196266,-0.5043505231008655,0.45204914764590154,0.7790175689604724,0.8484814408453711,0.05794128548097453
808,0.6149941406678899,0.7069809524533405,0.683705821441498,0.4956494768991345,0.787119140685689,1.0,0.9632921490706411,0.22824366081053793
809,0.9571723358014178,0.4139619049066809,0.8486227399633696,1.0,1.0,1.0,1.0,0.3985460361401013
810,0.9153926307757054,0.3721821998809685,0.8068430349376572,0.9582202949742876,0.9582202949742876,0.9582202949742876,0.9582202949742876,0.35676633111438893
811,0.873612925749993,0.33040249485525613,0.7650633299119448,0.9164405899485752,0.9164405899485752,0.9164405899485752,0.9164405899485752,0.31498662608867656
812,0.8318332207242807,0.28862278982954376,0.7232836248862324,0.8746608849228629,0.8746608849228629,0.8746608849228629,0.8746608849228629,0.2732069210629642
813,0.7900535156985683,0.24684308480383138,0.6815039198605201,0.8328811798971505,0.8328811798971505,0.8328811798971505,0.8328811798971505,0.2314272160372518
814,0.7482738106728559,0.205063379778119,0.6397242148348077,0.7911014748714381,0.7911014748714381,0.7911014748714381,0.7911014748714381,0.18964751101153943
815,0.7064941056471435,0.16328367475240663,0.5979445098090953,0.7493217698457257,0.7493217698457257,0.7493217698457257,0.7493217698457257,0.14786780598582705
816,0.6647144006214312,0.12150396972669426,0.5561648047833829,0.7075420648200134,0.7075420648200134,0.7075420648200134,0.7075420648200134,0.10608810096011469
817,0.6229346955957188,0.0797242647009819,0.5143850997576705,0.665762359794301,0.665762359794301,0.665762359794301,0.665762359794301,0.06430839593440232
818,0.5811549905700064,0.03794455967526954,0.4726053947319582,0.6239826547685886,0.6239826547685886,0.6239826547685886,0.6239826547685886,0.02252869090868996
819,0.539375285544294,-0.0038351453504428257,0.4308256897062458,0.5822029497428762,0.5822029497428762,0.5822029497428762,0.5822029497428762,-0.019251014117022403
820,1.0,-0.0945844108231866,0.36389338561231965,0.7525053250724396,0.8020135055519992,1.0,0.846459392219751,0.9807489858829777
821,1.0,-0.1853336762959304,0.2969610815183935,0.922807700402003,1.0,1.0,1.0,1.0
822,0.9288659079471676,0.8146663237040697,0.34881346815819353,0.6297886528553435,1.0,1.0,1.0,0.9092507345272562
823,0.8577318158943352,1.0,0.40066585479799355,0.3367696053086839,1.0,1.0,1.0,0.8185014690545125
824,0.8159521108686228,0.9582202949742876,0.35888614977228117,0.2949899002829715,0.9582202949742876,0.9582202949742876,0.9582202949742876,0.7767217640288001
825,0.7741724058429105,0.9164405899485752,0.3171064447465688,0.25321019525725913,0.9164405899485752,0.9164405899485752,0.9164405899485752,0.7349420590030877
826,0.7323927008171981,0.8746608849228629,0.2753267397208564,0.21143049023154675,0.8746608849228629,0.8746608849228629,0.8746608849228629,0.6931623539773754
827,0.6906129957914857,0.8328811798971505,0.23354703469514404,0.16965078520583438,0.8328811798971505,0.8328811798971505,0.8328811798971505,0.651382648951663
828,0.6488332907657733,0.7911014748714381,0.19176732966943166,0.127871080180122,0.7911014748714381,0.7911014748714381,0.7911014748714381,0.6096029439259506
829,0.607053585740061,0.7493217698457257,0.1499876246437193,0.08609137515440964,0.7493217698457257,0.7493217698457257,0.7493217698457257,0.5678232389002382
830,0.5652738807143486,0.7075420648200134,0.10820791961800692,0.04431167012869727,0.7075420648200134,0.7075420648200134,0.7075420648200134,0.5260435338745258
831,0.5234941756886362,0.665762359794301,0.06642821459229456,0.0025319651029849094,0.665762359794301,0.665762359794301,0.665762359794301,0.48426382884881347
832,0.48171447066292383,0.6239826547685886,0.024648509566582197,-0.039247739922727454,0.6239826547685886,0.6239826547685886,0.6239826547685886,0.4424841238231011
833,0.8238926657964517,0.330963607221929,0.18956542808845367,0.9607522600772725,0.9590526478083762,0.9225522928093118,0.7387933629938584,0.6127864991526645
834,1.0,0.037944559675269454,0.3544823466103251,1.0,1.0,1.0,0.8536040712191283,0.7830888744822279
835,0.9582202949742876,-0.003835145350442909,0.31270264158461275,0.9582202949742876,0.9582202949742876,0.9582202949742876,0.8118243661934159,0.7413091694565155
836,0.8870862029214552,0.9961648546495571,0.36455502822441277,0.665201247427628,0.9767028039772251,1.0,1.0,0.6505599039837717
837,0.8159521108686228,1.0,0.4164074148642128,0.3721821998809684,0.9951853129801626,1.0,1.0,0.559810638511028
838,0.7741724058429105,0.9582202949742876,0.3746277098385004,0.330402494855256,0.9534056079544502,0.9582202949742876,0.9582202949742876,0.5180309334853156
839,0.7323927008171981,0.9164405899485752,0.33284800481278803,0.28862278982954365,0.9116259029287378,0.9164405899485752,0.9164405899485752,0.4762512284596032
840,0.6906129957914857,0.8746608849228629,0.29106829978707566,0.24684308480383127,0.8698461979030254,0.8746608849228629,0.8746608849228629,0.43447152343389084
841,0.6488332907657733,0.8328811798971505,0.24928859476136328,0.2050633797781189,0.828066492877313,0.8328811798971505,0.8328811798971505,0.39269181840817846
842,0.607053585740061,0.7911014748714381,0.2075088897356509,0.16328367475240652,0.7862867878516007,0.7911014748714381,0.7911014748714381,0.3509121133824661
843,0.5652738807143486,0.7493217698457257,0.16572918470993853,0.12150396972669415,0.7445070828258883,0.7493217698457257,0.7493217698457257,0.3091324083567537
844,0.5234941756886362,0.7075420648200134,0.12394947968422616,0.07972426470098179,0.7027273778001759,0.7075420648200134,0.7075420648200134,0.26735270333104133
845,0.48171447066292383,0.665762359794301,0.0821697746585138,0.037944559675269426,0.6609476727744635,0.665762359794301,0.665762359794301,0.22557299830532895
846,0.43993476563721146,0.6239826547685886,0.04039006963280144,-0.0038351453504429367,0.6191679677487512,0.6239826547685886,0.6239826547685886,0.18379329327961658
847,0.7821129607707394,0.330963607221929,0.2053069881546729,0.9961648546495571,0.9542379607885386,0.9225522928093118,0.7387933629938584,0.35409566860917996
848,1.0,0.037944559675269454,0.37022390667654437,1.0,1.0,1.0,0.8536040712191283,0.5243980439387433
849,0.9582202949742876,-0.003835145350442909,0.328444201650832,0.9582202949742876,0.9582202949742876,0.9582202949742876,0.8118243661934159,0.48261833891303096
850,0.8870862029214552,0.9961648546495571,0.380296588290632,0.665201247427628,0.9767028039772251,1.0,1.0,0.3918690734402872
851,0.8159521108686228,1.0,0.43214897493043203,0.3721821998809684,0.9951853129801626,1.0,1.0,0.30111980796754345
852,0.7741724058429105,0.9582202949742876,0.39036926990471965,0.330402494855256,0.9534056079544502,0.9582202949742876,0.9582202949742876,0.2593401029418311
853,0.7323927008171981,0.9164405899485752,0.3485895648790073,0.28862278982954365,0.9116259029287378,0.9164405899485752,0.9164405899485752,0.2175603979161187
854,0.6906129957914857,0.8746608849228629,0.3068098598532949,0.24684308480383127,0.8698461979030254,0.8746608849228629,0.8746608849228629,0.17578069289040632
855,0.6488332907657733,0.8328811798971505,0.2650301548275825,0.2050633797781189,0.828066492877313,0.8328811798971505,0.8328811798971505,0.13400098786469394
856,0.607053585740061,0.7911014748714381,0.22325044980187014,0.16328367475240652,0.7862867878516007,0.7911014748714381,0.7911014748714381,0.09222128283898158
857,0.5652738807143486,0.7493217698457257,0.18147074477615777,0.12150396972669415,0.7445070828258883,0.7493217698457257,0.7493217698457257,0.05044157781326922
858,0.5234941756886362,0.7075420648200134,0.1396910397504454,0.07972426470098179,0.7027273778001759,0.7075420648200134,0.7075420648200134,0.008661872787556854
859,0.48171447066292383,0.665762359794301,0.09791133472473303,0.037944559675269426,0.6609476727744635,0.665762359794301,0.665762359794301,-0.03311783223815551
860,0.9604643036511461,0.5750130943215572,0.030979030630806897,0.20824693500483282,0.8807582285835865,1.0,0.9300188022711757,0.9668821677618444
861,1.0,0.48426382884881347,-0.03595327346311923,0.3785493103343962,1.0,1.0,1.0,1.0
862,1.0,0.5361162154886134,0.9640467265368807,0.5434662288562676,1.0,1.0,1.0,0.9330676959060739
863,1.0,0.5879686021284134,1.0,0.7083831473781391,1.0,1.0,1.0,0.8661353918121477
864,0.9582202949742876,0.546188897102701,0.9582202949742876,0.6666034423524267,0.9582202949742876,0.9582202949742876,0.9582202949742876,0.8243556867864353
865,0.9164405899485752,0.5044091920769886,0.9164405899485752,0.6248237373267144,0.9164405899485752,0.9164405899485752,0.9164405899485752,0.782575981760723
866,0.8746608849228629,0.46262948705127627,0.8746608849228629,0.583044032301002,0.8746608849228629,0.8746608849228629,0.8746608849228629,0.7407962767350106
867,0.8328811798971505,0.4208497820255639,0.8328811798971505,0.5412643272752896,0.8328811798971505,0.8328811798971505,0.8328811798971505,0.6990165717092982
868,0.7911014748714381,0.3790700769998515,0.7911014748714381,0.49948462224957724,0.7911014748714381,0.7911014748714381,0.7911014748714381,0.6572368666835858
869,0.7493217698457257,0.33729037197413914,0.7493217698457257,0.45770491722386486,0.7493217698457257,0.7493217698457257,0.7493217698457257,0.6154571616578735
870,0.7075420648200134,0.29551066694842676,0.7075420648200134,0.4159252121981525,0.7075420648200134,0.7075420648200134,0.7075420648200134,0.5736774566321611
871,0.665762359794301,0.2537309619227144,0.665762359794301,0.3741455071724401,0.665762359794301,0.665762359794301,0.665762359794301,0.5318977516064487
872,0.6239826547685886,0.211951256897002,0.6239826547685886,0.33236580214672773,0.6239826547685886,0.6239826547685886,0.6239826547685886,0.4901180465807363
873,0.5822029497428762,0.17017155187128963,0.5822029497428762,0.29058609712101535,0.5822029497428762,0.5822029497428762,0.5822029497428762,0.44833834155502394
874,0.5404232447171639,0.12839184684557725,0.5404232447171639,0.24880639209530298,0.5404232447171639,0.5404232447171639,0.5404232447171639,0.40655863652931157
875,0.4986435396914515,0.08661214181986489,0.4986435396914515,0.2070266870695906,0.4986435396914515,0.4986435396914515,0.4986435396914515,0.3647789315035992
876,0.4568638346657391,0.044832436794152525,0.4568638346657391,0.16524698204387822,0.4568638346657391,0.4568638346657391,0.4568638346657391,0.3229992264778868
877,0.4150841296400267,0.0030527317684401617,0.4150841296400267,0.12346727701816586,0.4150841296400267,0.4150841296400267,0.4150841296400267,0.28121952145217444
878,0.37330442461431435,-0.0387269732572722,0.37330442461431435,0.0816875719924535,0.37330442461431435,0.37330442461431435,0.37330442461431435,0.23943981642646206
879,0.30217033256148196,0.9612730267427279,0.42515681125411436,-0.21133147555420606,0.39178693361725175,0.5552711442745372,0.5900030802169866,0.1486905509537183
880,0.23103624050864957,1.0,0.4770091978939144,-0.5043505231008656,0.41026944262018916,0.73723786393476,0.8067017358196588,0.05794128548097453
881,0.5732144356421774,0.7069809524533405,0.6419261164157858,0.4956494768991344,0.7453394356599766,1.0,0.9215124440449286,0.22824366081053793
882,0.9153926307757053,0.4139619049066809,0.8068430349376573,1.0,1.0,1.0,1.0,0.3985460361401013
883,0.8736129257499929,0.3721821998809685,0.7650633299119449,0.9582202949742876,0.9582202949742876,0.9582202949742876,0.9582202949742876,0.35676633111438893
884,0.8318332207242806,0.33040249485525613,0.7232836248862325,0.9164405899485752,0.9164405899485752,0.9164405899485752,0.9164405899485752,0.31498662608867656
885,0.7900535156985682,0.28862278982954376,0.6815039198605202,0.8746608849228629,0.8746608849228629,0.8746608849228629,0.8746608849228629,0.2732069210629642
886,0.7482738106728558,0.24684308480383138,0.6397242148348078,0.8328811798971505,0.8328811798971505,0.8328811798971505,0.8328811798971505,0.2314272160372518
887,0.7064941056471434,0.205063379778119,0.5979445098090954,0.7911014748714381,0.7911014748714381,0.7911014748714381,0.7911014748714381,0.18964751101153943
888,0.6647144006214311,0.16328367475240663,0.556164804783383,0.7493217698457257,0.7493217698457257,0.7493217698457257,0.7493217698457257,0.14786780598582705
889,0.6229346955957187,0.12150396972669426,0.5143850997576707,0.7075420648200134,0.7075420648200134,0.7075420648200134,0.7075420648200134,0.10608810096011469
890,0.5811549905700063,0.0797242647009819,0.4726053947319583,0.665762359794301,0.665762359794301,0.665762359794301,0.665762359794301,0.06430839593440232
891,0.5393752855442939,0.03794455967526954,0.4308256897062459,0.6239826547685886,0.6239826547685886,0.6239826547685886,0.6239826547685886,0.02252869090868996
892,0.49759558051858155,-0.0038351453504428257,0.38904598468053353,0.5822029497428762,0.5822029497428762,0.5822029497428762,0.5822029497428762,-0.019251014117022403
893,0.9763454135068038,-0.0945844108231866,0.3221136805866074,0.7525053250724396,0.8020135055519992,1.0,0.846459392219751,0.9807489858829777
894,1.0,-0.1853336762959304,0.25518137649268124,0.922807700402003,1.0,1.0,1.0,1.0
895,0.9288659079471676,0.8146663237040697,0.30703376313248126,0.6297886528553435,1.0,1.0,1.0,0.9092507345272562
896,0.8577318158943352,1.0,0.3588861497722813,0.3367696053086839,1.0,1.0,1.0,0.8185014690545125
897,0.8159521108686228,0.9582202949742876,0.3171064447465689,0.2949899002829715,0.9582202949742876,0.9582202949742876,0.9582202949742876,0.7767217640288001
898,0.7741724058429105,0.9164405899485752,0.27532673972085653,0.25321019525725913,0.9164405899485752,0.9164405899485752,0.9164405899485752,0.7349420590030877
899,0.7323927008171981,0.8746608849228629,0.23354703469514415,0.21143049023154675,0.8746608849228629,0.8746608849228629,0.8746608849228629,0.6931623539773754
900,0.6906129957914857,0.8328811798971505,0.19176732966943177,0.16965078520583438,0.8328811798971505,0.8328811798971505,0.8328811798971505,0.651382648951663
901,0.6488332907657733,0.7911014748714381,0.1499876246437194,0.127871080180122,0.7911014748714381,0.7911014748714381,0.7911014748714381,0.6096029439259506
902,0.607053585740061,0.7493217698457257,0.10820791961800703,0.08609137515440964,0.7493217698457257,0.7493217698457257,0.7493217698457257,0.5678232389002382
903,0.5652738807143486,0.7075420648200134,0.06642821459229467,0.04431167012869727,0.7075420648200134,0.7075420648200134,0.7075420648200134,0.5260435338745258
904,0.5234941756886362,0.665762359794301,0.024648509566582308,0.0025319651029849094,0.665762359794301,0.665762359794301,0.665762359794301,0.48426382884881347
905,0.48171447066292383,0.6239826547685886,-0.017131195459130055,-0.039247739922727454,0.6239826547685886,0.6239826547685886,0.6239826547685886,0.4424841238231011
906,0.8238926657964517,0.330963607221929,0.1477857230627414,0.9607522600772725,0.9590526478083762,0.9225522928093118,0.7387933629938584,0.6127864991526645
907,1.0,0.037944559675269454,0.31270264158461286,1.0,1.0,1.0,0.8536040712191283,0.7830888744822279
908,0.9582202949742876,-0.003835145350442909,0.2709229365589005,0.9582202949742876,0.9582202949742876,0.9582202949742876,0.8118243661934159,0.7413091694565155
909,0.8870862029214552,0.9961648546495571,0.3227753231987005,0.665201247427628,0.9767028039772251,1.0,1.0,0.6505599039837717
910,0.8159521108686228,1.0,0.3746277098385005,0.3721821998809684,0.9951853129801626,1.0,1.0,0.559810638511028
911,0.7741724058429105,0.9582202949742876,0.33284800481278815,0.330402494855256,0.9534056079544502,0.9582202949742876,0.9582202949742876,0.5180309334853156
912,0.7323927008171981,0.9164405899485752,0.29106829978707577,0.28862278982954365,0.9116259029287378,0.9164405899485752,0.9164405899485752,0.4762512284596032
913,0.6906129957914857,0.8746608849228629,0.2492885947613634,0.24684308480383127,0.8698461979030254,0.8746608849228629,0.8746608849228629,0.43447152343389084
914,0.6488332907657733,0.8328811798971505,0.20750888973565101,0.2050633797781189,0.828066492877313,0.8328811798971505,0.8328811798971505,0.39269181840817846
915,0.607053585740061,0.7911014748714381,0.16572918470993864,0.16328367475240652,0.7862867878516007,0.7911014748714381,0.7911014748714381,0.3509121133824661
916,0.5652738807143486,0.7493217698457257,0.12394947968422627,0.12150396972669415,0.7445070828258883,0.7493217698457257,0.7493217698457257,0.3091324083567537
917,0.5234941756886362,0.7075420648200134,0.08216977465851391,0.07972426470098179,0.7027273778001759,0.7075420648200134,0.7075420648200134,0.26735270333104133
918,0.48171447066292383,0.665762359794301,0.04039006963280155,0.037944559675269426,0.6609476727744635,0.665762359794301,0.665762359794301,0.22557299830532895
919,0.43993476563721146,0.6239826547685886,-0.0013896353929108152,-0.0038351453504429367,0.6191679677487512,0.6239826547685886,0.6239826547685886,0.18379329327961658
920,0.7821129607707394,0.330963607221929,0.16352728312896064,0.9961648546495571,0.9542379607885386,0.9225522928093118,0.7387933629938584,0.35409566860917996
921,1.0,0.037944559675269454,0.3284442016508321,1.0,1.0,1.0,0.8536040712191283,0.5243980439387433
922,0.9582202949742876,-0.003835145350442909,0.2866644966251197,0.9582202949742876,0.9582202949742876,0.9582202949742876,0.8118243661934159,0.48261833891303096
923,0.8870862029214552,0.9961648546495571,0.33851688326491974,0.665201247427628,0.9767028039772251,1.0,1.0,0.3918690734402872
924,0.8159521108686228,1.0,0.39036926990471976,0.3721821998809684,0.9951853129801626,1.0,1.0,0.30111980796754345
925,0.7741724058429105,0.9582202949742876,0.3485895648790074,0.330402494855256,0.9534056079544502,0.9582202949742876,0.9582202949742876,0.2593401029418311
926,0.7323927008171981,0.9164405899485752,0.306809859853295,0.28862278982954365,0.9116259029287378,0.9164405899485752,0.9164405899485752,0.2175603979161187
927,0.6906129957914857,0.8746608849228629,0.26503015482758263,0.24684308480383127,0.8698461979030254,0.8746608849228629,0.8746608849228629,0.17578069289040632
928,0.6488332907657733,0.8328811798971505,0.22325044980187025,0.2050633797781189,0.828066492877313,0.8328811798971505,0.8328811798971505,0.13400098786469394
929,0.607053585740061,0.7911014748714381,0.18147074477615788,0.16328367475240652,0.7862867878516007,0.7911014748714381,0.7911014748714381,0.09222128283898158
930,0.5652738807143486,0.7493217698457257,0.1396910397504455,0.12150396972669415,0.7445070828258883,0.7493217698457257,0.7493217698457257,0.05044157781326922
931,0.5234941756886362,0.7075420648200134,0.09791133472473314,0.07972426470098179,0.7027273778001759,0.7075420648200134,0.7075420648200134,0.008661872787556854
932,0.48171447066292383,0.665762359794301,0.056131629699020774,0.037944559675269426,0.6609476727744635,0.665762359794301,0.665762359794301,-0.03311783223815551
933,0.9604643036511461,0.5750130943215572,-0.010800674394905355,0.20824693500483282,0.8807582285835865,1.0,0.9300188022711757,0.9668821677618444
934,1.0,0.48426382884881347,-0.07773297848883148,0.3785493103343962,1.0,1.0,1.0,1.0
935,1.0,0.5361162154886134,0.9222670215111686,0.5434662288562676,1.0,1.0,1.0,0.9330676959060739
936,1.0,0.5879686021284134,1.0,0.7083831473781391,1.0,1.0,1.0,0.8661353918121477
937,0.9582202949742876,0.546188897102701,0.9582202949742876,0.6666034423524267,0.9582202949742876,0.9582202949742876,0.9582202949742876,0.8243556867864353
938,0.9164405899485752,0.5044091920769886,0.9164405899485752,0.6248237373267144,0.9164405899485752,0.9164405899485752,0.9164405899485752,0.782575981760723
939,0.8746608849228629,0.46262948705127627,0.8746608849228629,0.583044032301002,0.8746608849228629,0.8746608849228629,0.8746608849228629,0.7407962767350106
940,0.8328811798971505,0.4208497820255639,0.8328811798971505,0.5412643272752896,0.8328811798971505,0.8328811798971505,0.8328811798971505,0.6990165717092982
941,0.7911014748714381,0.3790700769998515,0.7911014748714381,0.49948462224957724,0.7911014748714381,0.7911014748714381,0.7911014748714381,0.6572368666835858
942,0.7493217698457257,0.33729037197413914,0.7493217698457257,0.45770491722386486,0.7493217698457257,0.7493217698457257,0.7493217698457257,0.6154571616578735
943,0.7075420648200134,0.29551066694842676,0.7075420648200134,0.4159252121981525,0.7075420648200134,0.7075420648200134,0.7075420648200134,0.5736774566321611
944,0.665762359794301,0.2537309619227144,0.665762359794301,0.3741455071724401,0.665762359794301,0.665762359794301,0.665762359794301,0.5318977516064487
945,0.6239826547685886,0.211951256897002,0.6239826547685886,0.33236580214672773,0.6239826547685886,0.6239826547685886,0.6239826547685886,0.4901180465807363
946,0.5822029497428762,0.17017155187128963,0.5822029497428762,0.29058609712101535,0.5822029497428762,0.5822029497428762,0.5822029497428762,0.44833834155502394
947,0.5404232447171639,0.12839184684557725,0.5404232447171639,0.24880639209530298,0.5404232447171639,0.5404232447171639,0.5404232447171639,0.40655863652931157
948,0.4986435396914515,0.08661214181986489,0.4986435396914515,0.2070266870695906,0.4986435396914515,0.4986435396914515,0.4986435396914515,0.3647789315035992
949,0.4568638346657391,0.044832436794152525,0.4568638346657391,0.16524698204387822,0.4568638346657391,0.4568638346657391,0.4568638346657391,0.3229992264778868
950,0.4150841296400267,0.0030527317684401617,0.4150841296400267,0.12346727701816586,0.4150841296400267,0.4150841296400267,0.4150841296400267,0.28121952145217444
951,0.37330442461431435,-0.0387269732572722,0.37330442461431435,0.0816875719924535,0.37330442461431435,0.37330442461431435,0.37330442461431435,0.23943981642646206
952,0.30217033256148196,0.9612730267427279,0.42515681125411436,-0.21133147555420606,0.39178693361725175,0.5552711442745372,0.5900030802169866,0.1486905509537183
953,0.23103624050864957,1.0,0.4770091978939144,-0.5043505231008656,0.41026944262018916,0.73723786393476,0.8067017358196588,0.05794128548097453
954,0.5732144356421774,0.7069809524533405,0.6419261164157858,0.4956494768991344,0.7453394356599766,1.0,0.9215124440449286,0.22824366081053793
955,0.9153926307757053,0.4139619049066809,0.8068430349376573,1.0,1.0,1.0,1.0,0.3985460361401013
956,0.8736129257499929,0.3721821998809685,0.7650633299119449,0.9582202949742876,0.9582202949742876,0.9582202949742876,0.9582202949742876,0.35676633111438893
957,0.8318332207242806,0.33040249485525613,0.7232836248862325,0.9164405899485752,0.9164405899485752,0.9164405899485752,0.9164405899485752,0.31498662608867656
958,0.7900535156985682,0.28862278982954376,0.6815039198605202,0.8746608849228629,0.8746608849228629,0.8746608849228629,0.8746608849228629,0.2732069210629642
959,0.7482738106728558,0.24684308480383138,0.6397242148348078,0.8328811798971505,0.8328811798971505,0.8328811798971505,0.8328811798971505,0.2314272160372518
960,0.7064941056471434,0.205063379778119,0.5979445098090954,0.7911014748714381,0.7911014748714381,0.7911014748714381,0.7911014748714381,0.18964751101153943
961,0.6647144006214311,0.16328367475240663,0.556164804783383,0.7493217698457257,0.7493217698457257,0.7493217698457257,0.7493217698457257,0.14786780598582705
962,0.6229346955957187,0.12150396972669426,0.5143850997576707,0.7075420648200134,0.7075420648200134,0.7075420648200134,0.7075420648200134,0.10608810096011469
963,0.5811549905700063,0.0797242647009819,0.4726053947319583,0.665762359794301,0.665762359794301,0.665762359794301,0.665762359794301,0.06430839593440232
964,0.5393752855442939,0.03794455967526954,0.4308256897062459,0.6239826547685886,0.6239826547685886,0.6239826547685886,0.6239826547685886,0.02252869090868996
965,0.49759558051858155,-0.0038351453504428257,0.38904598468053353,0.5822029497428762,0.5822029497428762,0.5822029497428762,0.5822029497428762,-0.019251014117022403
966,0.9763454135068038,-0.0945844108231866,0.3221136805866074,0.7525053250724396,0.8020135055519992,1.0,0.846459392219751,0.9807489858829777
967,1.0,-0.1853336762959304,0.25518137649268124,0.922807700402003,1.0,1.0,1.0,1.0
968,0.9288659079471676,0.8146663237040697,0.30703376313248126,0.6297886528553435,1.0,1.0,1.0,0.9092507345272562
969,0.8577318158943352,1.0,0.3588861497722813,0.3367696053086839,1.0,1.0,1.0,0.8185014690545125
970,0.8159521108686228,0.9582202949742876,0.3171064447465689,0.2949899002829715,0.9582202949742876,0.9582202949742876,0.9582202949742876,0.7767217640288001
971,0.7741724058429105,0.9164405899485752,0.27532673972085653,0.25321019525725913,0.9164405899485752,0.9164405899485752,0.9164405899485752,0.7349420590030877
972,0.7323927008171981,0.8746608849228629,0.23354703469514415,0.21143049023154675,0.8746608849228629,0.8746608849228629,0.8746608849228629,0.6931623539773754
973,0.6906129957914857,0.8328811798971505,0.19176732966943177,0.16965078520583438,0.8328811798971505,0.8328811798971505,0.8328811798971505,0.651382648951663
974,0.6488332907657733,0.7911014748714381,0.1499876246437194,0.127871080180122,0.7911014748714381,0.7911014748714381,0.7911014748714381,0.6096029439259506
975,0.607053585740061,0.7493217698457257,0.10820791961800703,0.08609137515440964,0.7493217698457257,0.7493217698457257,0.7493217698457257,0.5678232389002382
976,0.5652738807143486,0.7075420648200134,0.06642821459229467,0.04431167012869727,0.7075420648200134,0.7075420648200134,0.7075420648200134,0.5260435338745258
977,0.5234941756886362,0.665762359794301,0.024648509566582308,0.0025319651029849094,0.665762359794301,0.665762359794301,0.665762359794301,0.48426382884881347
978,0.48171447066292383,0.6239826547685886,-0.017131195459130055,-0.039247739922727454,0.6239826547685886,0.6239826547685886,0.6239826547685886,0.4424841238231011
979,0.8238926657964517,0.330963607221929,0.1477857230627414,0.9607522600772725,0.9590526478083762,0.9225522928093118,0.7387933629938584,0.6127864991526645
980,1.0,0.037944559675269454,0.31270264158461286,1.0,1.0,1.0,0.8536040712191283,0.7830888744822279
981,0.9582202949742876,-0.003835145350442909,0.2709229365589005,0.9582202949742876,0.9582202949742876,0.9582202949742876,0.8118243661934159,0.7413091694565155
982,0.8870862029214552,0.9961648546495571,0.3227753231987005,0.665201247427628,0.9767028039772251,1.0,1.0,0.6505599039837717
983,0.8159521108686228,1.0,0.3746277098385005,0.3721821998809684,0.9951853129801626,1.0,1.0,0.559810638511028
984,0.7741724058429105,0.9582202949742876,0.33284800481278815,0.330402494855256,0.9534056079544502,0.9582202949742876,0.9582202949742876,0.5180309334853156
985,0.7323927008171981,0.9164405899485752,0.29106829978707577,0.28862278982954365,0.9116259029287378,0.9164405899485752,0.9164405899485752,0.4762512284596032
986,0.6906129957914857,0.8746608849228629,0.2492885947613634,0.24684308480383127,0.8698461979030254,0.8746608849228629,0.8746608849228629,0.43447152343389084
987,0.6488332907657733,0.8328811798971505,0.20750888973565101,0.2050633797781189,0.828066492877313,0.8328811798971505,0.8328811798971505,0.39269181840817846
988,0.607053585740061,0.7911014748714381,0.16572918470993864,0.16328367475240652,0.7862867878516007,0.7911014748714381,0.7911014748714381,0.3509121133824661
989,0.5652738807143486,0.7493217698457257,0.12394947968422627,0.12150396972669415,0.7445070828258883,0.7493217698457257,0.7493217698457257,0.3091324083567537
990,0.5234941756886362,0.7075420648200134,0.08216977465851391,0.07972426470098179,0.7027273778001759,0.7075420648200134,0.7075420648200134,0.26735270333104133
991,0.48171447066292383,0.665762359794301,0.04039006963280155,0.037944559675269426,0.6609476727744635,0.665762359794301,0.665762359794301,0.22557299830532895
992,0.43993476563721146,0.6239826547685886,-0.0013896353929108152,-0.0038351453504429367,0.6191679677487512,0.6239826547685886,0.6239826547685886,0.18379329327961658
993,0.7821129607707394,0.330963607221929,0.16352728312896064,0.9961648546495571,0.9542379607885386,0.9225522928093118,0.7387933629938584,0.35409566860917996
994,1.0,0.037944559675269454,0.3284442016508321,1.0,1.0,1.0,0.8536040712191283,0.5243980439387433
995,0.9582202949742876,-0.003835145350442909,0.2866644966251197,0.9582202949742876,0.9582202949742876,0.9582202949742876,0.8118243661934159,0.48261833891303096
996,0.8870862029214552,0.9961648546495571,0.33851688326491974,0.665201247427628,0.9767028039772251,1.0,1.0,0.3918690734402872
997,0.8159521108686228,1.0,0.39036926990471976,0.3721821998809684,0.9951853129801626,1.0,1.0,0.30111980796754345
998,0.7741724058429105,0.9582202949742876,0.3485895648790074,0.330402494855256,0.9534056079544502,0.9582202949742876,0.9582202949742876,0.2593401029418311
999,0.7323927008171981,0.9164405899485752,0.306809859853295,0.28862278982954365,0.9116259029287378,0.9164405899485752,0.9164405899485752,0.2175603979161187
1000,0.6906129957914857,0.8746608849228629,0.26503015482758263,0.24684308480383127,0.8698461979030254,0.8746608849228629,0.8746608849228629,0.17578069289040632
1001,0.6488332907657733,0.8328811798971505,0.22325044980187025,0.2050633797781189,0.828066492877313,0.8328811798971505,0.8328811798971505,0.13400098786469394
1002,0.607053585740061,0.7911014748714381,0.18147074477615788,0.16328367475240652,0.7862867878516007,0.7911014748714381,0.7911014748714381,0.09222128283898158
1003,0.5652738807143486,0.7493217698457257,0.1396910397504455,0.12150396972669415,0.7445070828258883,0.7493217698457257,0.7493217698457257,0.05044157781326922
1004,0.5234941756886362,0.7075420648200134,0.09791133472473314,0.07972426470098179,0.7027273778001759,0.7075420648200134,0.7075420648200134,0.008661872787556854
1005,0.48171447066292383,0.665762359794301,0.056131629699020774,0.037944559675269426,0.6609476727744635,0.665762359794301,0.665762359794301,-0.03311783223815551
1006,0.9604643036511461,0.5750130943215572,-0.010800674394905355,0.20824693500483282,0.8807582285835865,1.0,0.9300188022711757,0.9668821677618444
1007,1.0,0.48426382884881347,-0.07773297848883148,0.3785493103343962,1.0,1.0,1.0,1.0
1008,1.0,0.5361162154886134,0.9222670215111686,0.5434662288562676,1.0,1.0,1.0,0.9330676959060739
1009,1.0,0.5879686021284134,1.0,0.7083831473781391,1.0,1.0,1.0,0.8661353918121477
1010,0.9582202949742876,0.546188897102701,0.9582202949742876,0.6666034423524267,0.9582202949742876,0.9582202949742876,0.9582202949742876,0.8243556867864353
1011,0.9164405899485752,0.5044091920769886,0.9164405899485752,0.6248237373267144,0.9164405899485752,0.9164405899485752,0.9164405899485752,0.782575981760723
1012,0.8746608849228629,0.46262948705127627,0.8746608849228629,0.583044032301002,0.8746608849228629,0.8746608849228629,0.8746608849228629,0.7407962767350106
1013,0.8328811798971505,0.4208497820255639,0.8328811798971505,0.5412643272752896,0.8328811798971505,0.8328811798971505,0.8328811798971505,0.6990165717092982
1014,0.7911014748714381,0.3790700769998515,0.7911014748714381,0.49948462224957724,0.7911014748714381,0.7911014748714381,0.7911014748714381,0.6572368666835858
1015,0.7493217698457257,0.33729037197413914,0.7493217698457257,0.45770491722386486,0.7493217698457257,0.7493217698457257,0.7493217698457257,0.6154571616578735
1016,0.7075420648200134,0.29551066694842676,0.7075420648200134,0.4159252121981525,0.7075420648200134,0.7075420648200134,0.7075420648200134,0.5736774566321611
1017,0.665762359794301,0.2537309619227144,0.665762359794301,0.3741455071724401,0.665762359794301,0.665762359794301,0.665762359794301,0.5318977516064487
1018,0.6239826547685886,0.211951256897002,0.6239826547685886,0.33236580214672773,0.6239826547685886,0.6239826547685886,0.6239826547685886,0.4901180465807363
1019,0.5822029497428762,0.17017155187128963,0.5822029497428762,0.29058609712101535,0.5822029497428762,0.5822029497428762,0.5822029497428762,0.44833834155502394
1020,0.5404232447171639,0.12839184684557725,0.5404232447171639,0.24880639209530298,0.5404232447171639,0.5404232447171639,0.5404232447171639,0.40655863652931157
1021,0.4986435396914515,0.08661214181986489,0.4986435396914515,0.2070266870695906,0.4986435396914515,0.4986435396914515,0.4986435396914515,0.3647789315035992
1022,0.4568638346657391,0.044832436794152525,0.4568638346657391,0.16524698204387822,0.4568638346657391,0.4568638346657391,0.4568638346657391,0.3229992264778868
1023,0.4150841296400267,0.0030527317684401617,0.4150841296400267,0.12346727701816586,0.4150841296400267,0.4150841296400267,0.4150841296400267,0.28121952145217444
1024,0.37330442461431435,-0.0387269732572722,0.37330442461431435,0.0816875719924535,0.37330442461431435,0.37330442461431435,0.37330442461431435,0.23943981642646206
1025,0.30217033256148196,0.9612730267427279,0.42515681125411436,-0.21133147555420606,0.39178693361725175,0.5552711442745372,0.5900030802169866,0.1486905509537183
1026,0.23103624050864957,1.0,0.4770091978939144,-0.5043505231008656,0.41026944262018916,0.73723786393476,0.8067017358196588,0.05794128548097453
1027,0.5732144356421774,0.7069809524533405,0.6419261164157858,0.4956494768991344,0.7453394356599766,1.0,0.9215124440449286,0.22824366081053793
1028,0.9153926307757053,0.4139619049066809,0.8068430349376573,1.0,1.0,1.0,1.0,0.3985460361401013
1029,0.8736129257499929,0.3721821998809685,0.7650633299119449,0.9582202949742876,0.9582202949742876,0.9582202949742876,0.9582202949742876,0.35676633111438893
1030,0.8318332207242806,0.33040249485525613,0.7232836248862325,0.9164405899485752,0.9164405899485752,0.9164405899485752,0.9164405899485752,0.31498662608867656
1031,0.7900535156985682,0.28862278982954376,0.6815039198605202,0.8746608849228629,0.8746608849228629,0.8746608849228629,0.8746608849228629,0.2732069210629642
1032,0.7482738106728558,0.24684308480383138,0.6397242148348078,0.8328811798971505,0.8328811798971505,0.8328811798971505,0.8328811798971505,0.2314272160372518
1033,0.7064941056471434,0.205063379778119,0.5979445098090954,0.7911014748714381,0.7911014748714381,0.7911014748714381,0.7911014748714381,0.18964751101153943
1034,0.6647144006214311,0.16328367475240663,0.556164804783383,0.7493217698457257,0.7493217698457257,0.7493217698457257,0.7493217698457257,0.14786780598582705
1035,0.6229346955957187,0.12150396972669426,0.5143850997576707,0.7075420648200134,0.7075420648200134,0.7075420648200134,0.7075420648200134,0.10608810096011469
1036,0.5811549905700063,0.0797242647009819,0.4726053947319583,0.665762359794301,0.665762359794301,0.665762359794301,0.665762359794301,0.06430839593440232
1037,0.5393752855442939,0.03794455967526954,0.4308256897062459,0.6239826547685886,0.6239826547685886,0.6239826547685886,0.6239826547685886,0.02252869090868996
1038,0.49759558051858155,-0.0038351453504428257,0.38904598468053353,0.5822029497428762,0.5822029497428762,0.5822029497428762,0.5822029497428762,-0.019251014117022403
1039,0.9763454135068038,-0.0945844108231866,0.3221136805866074,0.7525053250724396,0.8020135055519992,1.0,0.846459392219751,0.9807489858829777
1040,1.0,-0.1853336762959304,0.25518137649268124,0.922807700402003,1.0,1.0,1.0,1.0
1041,0.9288659079471676,0.8146663237040697,0.30703376313248126,0.6297886528553435,1.0,1.0,1.0,0.9092507345272562
1042,0.8577318158943352,1.0,0.3588861497722813,0.3367696053086839,1.0,1.0,1.0,0.8185014690545125
1043,0.8159521108686228,0.9582202949742876,0.3171064447465689,0.2949899002829715,0.9582202949742876,0.9582202949742876,0.9582202949742876,0.7767217640288001
1044,0.7741724058429105,0.9164405899485752,0.27532673972085653,0.25321019525725913,0.9164405899485752,0.9164405899485752,0.9164405899485752,0.7349420590030877
1045,0.7323927008171981,0.8746608849228629,0.23354703469514415,0.21143049023154675,0.8746608849228629,0.8746608849228629,0.8746608849228629,0.6931623539773754
1046,0.6906129957914857,0.8328811798971505,0.19176732966943177,0.16965078520583438,0.8328811798971505,0.8328811798971505,0.8328811798971505,0.651382648951663
1047,0.6488332907657733,0.7911014748714381,0.1499876246437194,0.127871080180122,0.7911014748714381,0.7911014748714381,0.7911014748714381,0.6096029439259506
1048,0.607053585740061,0.7493217698457257,0.10820791961800703,0.08609137515440964,0.7493217698457257,0.7493217698457257,0.7493217698457257,0.5678232389002382
1049,0.5652738807143486,0.7075420648200134,0.06642821459229467,0.04431167012869727,0.7075420648200134,0.7075420648200134,0.7075420648200134,0.5260435338745258
1050,0.5234941756886362,0.665762359794301,0.024648509566582308,0.0025319651029849094,0.665762359794301,0.665762359794301,0.665762359794301,0.48426382884881347
1051,0.48171447066292383,0.6239826547685886,-0.017131195459130055,-0.039247739922727454,0.6239826547685886,0.6239826547685886,0.6239826547685886,0.4424841238231011
1052,0.8238926657964517,0.330963607221929,0.1477857230627414,0.9607522600772725,0.9590526478083762,0.9225522928093118,0.7387933629938584,0.6127864991526645
1053,1.0,0.037944559675269454,0.31270264158461286,1.0,1.0,1.0,0.8536040712191283,0.7830888744822279
1054,0.9582202949742876,-0.003835145350442909,0.2709229365589005,0.9582202949742876,0.9582202949742876,0.9582202949742876,0.8118243661934159,0.7413091694565155
1055,0.8870862029214552,0.9961648546495571,0.3227753231987005,0.665201247427628,0.9767028039772251,1.0,1.0,0.6505599039837717
1056,0.8159521108686228,1.0,0.3746277098385005,0.3721821998809684,0.9951853129801626,1.0,1.0,0.559810638511028
1057,0.7741724058429105,0.9582202949742876,0.33284800481278815,0.330402494855256,0.9534056079544502,0.9582202949742876,0.9582202949742876,0.5180309334853156
1058,0.7323927008171981,0.9164405899485752,0.29106829978707577,0.28862278982954365,0.9116259029287378,0.9164405899485752,0.9164405899485752,0.4762512284596032
1059,0.6906129957914857,0.8746608849228629,0.2492885947613634,0.24684308480383127,0.8698461979030254,0.8746608849228629,0.8746608849228629,0.43447152343389084
1060,0.6488332907657733,0.8328811798971505,0.20750888973565101,0.2050633797781189,0.828066492877313,0.8328811798971505,0.8328811798971505,0.39269181840817846
1061,0.607053585740061,0.7911014748714381,0.16572918470993864,0.16328367475240652,0.7862867878516007,0.7911014748714381,0.7911014748714381,0.3509121133824661
1062,0.5652738807143486,0.7493217698457257,0.12394947968422627,0.12150396972669415,0.7445070828258883,0.7493217698457257,0.7493217698457257,0.3091324083567537
1063,0.5234941756886362,0.7075420648200134,0.08216977465851391,0.07972426470098179,0.7027273778001759,0.7075420648200134,0.7075420648200134,0.26735270333104133
1064,0.48171447066292383,0.665762359794301,0.04039006963280155,0.037944559675269426,0.6609476727744635,0.665762359794301,0.665762359794301,0.22557299830532895
1065,0.43993476563721146,0.6239826547685886,-0.0013896353929108152,-0.0038351453504429367,0.6191679677487512,0.6239826547685886,0.6239826547685886,0.18379329327961658
1066,0.7821129607707394,0.330963607221929,0.16352728312896064,0.9961648546495571,0.9542379607885386,0.9225522928093118,0.7387933629938584,0.35409566860917996
1067,1.0,0.037944559675269454,0.3284442016508321,1.0,1.0,1.0,0.8536040712191283,0.5243980439387433
1068,0.9582202949742876,-0.003835145350442909,0.2866644966251197,0.9582202949742876,0.9582202949742876,0.9582202949742876,0.8118243661934159,0.48261833891303096
1069,0.8870862029214552,0.9961648546495571,0.33851688326491974,0.665201247427628,0.9767028039772251,1.0,1.0,0.3918690734402872
1070,0.8159521108686228,1.0,0.39036926990471976,0.3721821998809684,0.9951853129801626,1.0,1.0,0.30111980796754345
1071,0.7741724058429105,0.9582202949742876,0.3485895648790074,0.330402494855256,0.9534056079544502,0.9582202949742876,0.9582202949742876,0.2593401029418311
1072,0.7323927008171981,0.9164405899485752,0.306809859853295,0.28862278982954365,0.9116259029287378,0.9164405899485752,0.9164405899485752,0.2175603979161187
1073,0.6906129957914857,0.8746608849228629,0.26503015482758263,0.24684308480383127,0.8698461979030254,0.8746608849228629,0.8746608849228629,0.17578069289040632
1074,0.6488332907657733,0.8328811798971505,0.22325044980187025,0.2050633797781189,0.828066492877313,0.8328811798971505,0.8328811798971505,0.13400098786469394
1075,0.607053585740061,0.7911014748714381,0.18147074477615788,0.16328367475240652,0.7862867878516007,0.7911014748714381,0.7911014748714381,0.09222128283898158
1076,0.5652738807143486,0.7493217698457257,0.1396910397504455,0.12150396972669415,0.7445070828258883,0.7493217698457257,0.7493217698457257,0.05044157781326922
1077,0.5234941756886362,0.7075420648200134,0.09791133472473314,0.07972426470098179,0.7027273778001759,0.7075420648200134,0.7075420648200134,0.008661872787556854
1078,0.48171447066292383,0.665762359794301,0.056131629699020774,0.037944559675269426,0.6609476727744635,0.665762359794301,0.665762359794301,-0.03311783223815551
1079,0.9604643036511461,0.5750130943215572,-0.010800674394905355,0.20824693500483282,0.8807582285835865,1.0,0.9300188022711757,0.9668821677618444
1080,1.0,0.48426382884881347,-0.07773297848883148,0.3785493103343962,1.0,1.0,1.0,1.0
1081,1.0,0.5361162154886134,0.9222670215111686,0.5434662288562676,1.0,1.0,1.0,0.9330676959060739
1082,1.0,0.5879686021284134,1.0,0.7083831473781391,1.0,1.0,1.0,0.8661353918121477
1083,0.9582202949742876,0.546188897102701,0.9582202949742876,0.6666034423524267,0.9582202949742876,0.9582202949742876,0.9582202949742876,0.8243556867864353
1084,0.9164405899485752,0.5044091920769886,0.9164405899485752,0.6248237373267144,0.9164405899485752,0.9164405899485752,0.9164405899485752,0.782575981760723
1085,0.8746608849228629,0.46262948705127627,0.8746608849228629,0.583044032301002,0.8746608849228629,0.8746608849228629,0.8746608849228629,0.7407962767350106
1086,0.8328811798971505,0.4208497820255639,0.8328811798971505,0.5412643272752896,0.8328811798971505,0.8328811798971505,0.8328811798971505,0.6990165717092982
1087,0.7911014748714381,0.3790700769998515,0.7911014748714381,0.49948462224957724,0.7911014748714381,0.7911014748714381,0.7911014748714381,0.6572368666835858
1088,0.7493217698457257,0.33729037197413914,0.7493217698457257,0.45770491722386486,0.7493217698457257,0.7493217698457257,0.7493217698457257,0.6154571616578735
1089,0.7075420648200134,0.29551066694842676,0.7075420648200134,0.4159252121981525,0.7075420648200134,0.7075420648200134,0.7075420648200134,0.5736774566321611
1090,0.665762359794301,0.2537309619227144,0.665762359794301,0.3741455071724401,0.665762359794301,0.665762359794301,0.665762359794301,0.5318977516064487
1091,0.6239826547685886,0.211951256897002,0.6239826547685886,0.33236580214672773,0.6239826547685886,0.6239826547685886,0.6239826547685886,0.4901180465807363
1092,0.5822029497428762,0.17017155187128963,0.5822029497428762,0.29058609712101535,0.5822029497428762,0.5822029497428762,0.5822029497428762,0.44833834155502394
1093,0.5404232447171639,0.12839184684557725,0.5404232447171639,0.24880639209530298,0.5404232447171639,0.5404232447171639,0.5404232447171639,0.40655863652931157
1094,0.4986435396914515,0.08661214181986489,0.4986435396914515,0.2070266870695906,0.4986435396914515,0.4986435396914515,0.4986435396914515,0.3647789315035992
1095,0.4568638346657391,0.044832436794152525,0.4568638346657391,0.16524698204387822,0.4568638346657391,0.4568638346657391,0.4568638346657391,0.3229992264778868
1096,0.4150841296400267,0.0030527317684401617,0.4150841296400267,0.12346727701816586,0.4150841296400267,0.4150841296400267,0.4150841296400267,0.28121952145217444
1097,0.37330442461431435,-0.0387269732572722,0.37330442461431435,0.0816875719924535,0.37330442461431435,0.37330442461431435,0.37330442461431435,0.23943981642646206
1098,0.30217033256148196,0.9612730267427279,0.42515681125411436,-0.21133147555420606,0.39178693361725175,0.5552711442745372,0.5900030802169866,0.1486905509537183
1099,0.23103624050864957,1.0,0.4770091978939144,-0.5043505231008656,0.41026944262018916,0.73723786393476,0.8067017358196588,0.05794128548097453
1100,0.5732144356421774,0.7069809524533405,0.6419261164157858,0.4956494768991344,0.7453394356599766,1.0,0.9215124440449286,0.22824366081053793
1101,0.9153926307757053,0.4139619049066809,0.8068430349376573,1.0,1.0,1.0,1.0,0.3985460361401013
1102,0.8736129257499929,0.3721821998809685,0.7650633299119449,0.9582202949742876,0.9582202949742876,0.9582202949742876,0.9582202949742876,0.35676633111438893
1103,0.8318332207242806,0.33040249485525613,0.7232836248862325,0.9164405899485752,0.9164405899485752,0.9164405899485752,0.9164405899485752,0.31498662608867656
1104,0.7900535156985682,0.28862278982954376,0.6815039198605202,0.8746608849228629,0.8746608849228629,0.8746608849228629,0.8746608849228629,0.2732069210629642
1105,0.7482738106728558,0.24684308480383138,0.6397242148348078,0.8328811798971505,0.8328811798971505,0.8328811798971505,0.8328811798971505,0.2314272160372518
1106,0.7064941056471434,0.205063379778119,0.5979445098090954,0.7911014748714381,0.7911014748714381,0.7911014748714381,0.7911014748714381,0.18964751101153943
1107,0.6647144006214311,0.16328367475240663,0.556164804783383,0.7493217698457257,0.7493217698457257,0.7493217698457257,0.7493217698457257,0.14786780598582705
1108,0.6229346955957187,0.12150396972669426,0.5143850997576707,0.7075420648200134,0.7075420648200134,0.7075420648200134,0.7075420648200134,0.10608810096011469
1109,0.5811549905700063,0.0797242647009819,0.4726053947319583,0.665762359794301,0.665762359794301,0.665762359794301,0.665762359794301,0.06430839593440232
1110,0.5393752855442939,0.03794455967526954,0.4308256897062459,0.6239826547685886,0.6239826547685886,0.6239826547685886,0.6239826547685886,0.02252869090868996
1111,0.49759558051858155,-0.0038351453504428257,0.38904598468053353,0.5822029497428762,0.5822029497428762,0.5822029497428762,0.5822029497428762,-0.019251014117022403
1112,0.42646148846574916,0.9961648546495572,0.44089837132033355,0.28918390219621665,0.6006854587458136,0.764169669403099,0.7989016053455484,-0.11000027958976617
1113,0.3553273964129168,1.0,0.49275075796013357,-0.003835145350442923,0.619167967748751,0.9461363890633219,1.0,-0.20074954506250997
1114,0.8340772294011389,0.9092507345272562,0.4258184538662074,0.16646722997912045,0.8389785235578741,1.0,1.0,0.79925045493749
1115,1.0,0.8185014690545125,0.3588861497722813,0.33676960530868383,1.0,1.0,1.0,1.0
1116,0.9582202949742876,0.7767217640288001,0.3171064447465689,0.29498990028297145,0.9582202949742876,0.9582202949742876,0.9582202949742876,0.9582202949742876
1117,0.9164405899485752,0.7349420590030877,0.27532673972085653,0.2532101952572591,0.9164405899485752,0.9164405899485752,0.9164405899485752,0.9164405899485752
1118,0.8746608849228629,0.6931623539773754,0.23354703469514415,0.2114304902315467,0.8746608849228629,0.8746608849228629,0.8746608849228629,0.8746608849228629
1119,0.8328811798971505,0.651382648951663,0.19176732966943177,0.16965078520583432,0.8328811798971505,0.8328811798971505,0.8328811798971505,0.8328811798971505
1120,0.7911014748714381,0.6096029439259506,0.1499876246437194,0.12787108018012194,0.7911014748714381,0.7911014748714381,0.7911014748714381,0.7911014748714381
1121,0.7493217698457257,0.5678232389002382,0.10820791961800703,0.08609137515440958,0.7493217698457257,0.7493217698457257,0.7493217698457257,0.7493217698457257
1122,0.7075420648200134,0.5260435338745258,0.06642821459229467,0.04431167012869722,0.7075420648200134,0.7075420648200134,0.7075420648200134,0.7075420648200134
1123,0.665762359794301,0.48426382884881347,0.024648509566582308,0.002531965102984854,0.665762359794301,0.665762359794301,0.665762359794301,0.665762359794301
1124,0.6239826547685886,0.4424841238231011,-0.017131195459130055,-0.03924773992272751,0.6239826547685886,0.6239826547685886,0.6239826547685886,0.6239826547685886
1125,0.9661608499021165,0.1494650762764415,0.1477857230627414,0.9607522600772724,0.9590526478083762,0.9225522928093118,0.7387933629938584,0.794285030098152
1126,1.0,-0.14355397127021807,0.31270264158461286,1.0,1.0,1.0,0.8536040712191283,0.9645874054277154
1127,0.9288659079471676,0.8564460287297819,0.3645550282244129,0.7069809524533405,1.0,1.0,1.0,0.8738381399549716
1128,0.8577318158943352,1.0,0.4164074148642129,0.4139619049066809,1.0,1.0,1.0,0.7830888744822279
1129,0.8159521108686228,0.9582202949742876,0.3746277098385005,0.3721821998809685,0.9582202949742876,0.9582202949742876,0.9582202949742876,0.7413091694565155
1130,0.7741724058429105,0.9164405899485752,0.33284800481278815,0.33040249485525613,0.9164405899485752,0.9164405899485752,0.9164405899485752,0.6995294644308031
1131,0.7323927008171981,0.8746608849228629,0.29106829978707577,0.28862278982954376,0.8746608849228629,0.8746608849228629,0.8746608849228629,0.6577497594050907
1132,0.6906129957914857,0.8328811798971505,0.2492885947613634,0.24684308480383138,0.8328811798971505,0.8328811798971505,0.8328811798971505,0.6159700543793784
1133,0.6488332907657733,0.7911014748714381,0.20750888973565101,0.205063379778119,0.7911014748714381,0.7911014748714381,0.7911014748714381,0.574190349353666
1134,0.607053585740061,0.7493217698457257,0.16572918470993864,0.16328367475240663,0.7493217698457257,0.7493217698457257,0.7493217698457257,0.5324106443279536
1135,0.5652738807143486,0.7075420648200134,0.12394947968422627,0.12150396972669426,0.7075420648200134,0.7075420648200134,0.7075420648200134,0.4906309393022412
1136,0.5234941756886362,0.665762359794301,0.08216977465851391,0.0797242647009819,0.665762359794301,0.665762359794301,0.665762359794301,0.44885123427652884
1137,0.48171447066292383,0.6239826547685886,0.04039006963280155,0.03794455967526954,0.6239826547685886,0.6239826547685886,0.6239826547685886,0.40707152925081647
1138,0.43993476563721146,0.5822029497428762,-0.0013896353929108152,-0.0038351453504428257,0.5822029497428762,0.5822029497428762,0.5822029497428762,0.3652918242251041
1139,0.7821129607707394,0.28918390219621665,0.16352728312896064,0.9961648546495572,0.9172729427826637,0.8807725877835993,0.6970136579681462,0.5355941995546675
1140,1.0,-0.003835145350442923,0.3284442016508321,1.0,1.0,1.0,0.811824366193416,0.7058965748842309
1141,0.9288659079471676,0.9961648546495571,0.3802965882906321,0.7069809524533405,1.0,1.0,1.0,0.6151473094114871
1142,0.8577318158943352,1.0,0.43214897493043214,0.4139619049066809,1.0,1.0,1.0,0.5243980439387433
1143,0.8159521108686228,0.9582202949742876,0.39036926990471976,0.3721821998809685,0.9582202949742876,0.9582202949742876,0.9582202949742876,0.48261833891303096
1144,0.7741724058429105,0.9164405899485752,0.3485895648790074,0.33040249485525613,0.9164405899485752,0.9164405899485752,0.9164405899485752,0.4408386338873186
1145,0.7323927008171981,0.8746608849228629,0.306809859853295,0.28862278982954376,0.8746608849228629,0.8746608849228629,0.8746608849228629,0.3990589288616062
1146,0.6906129957914857,0.8328811798971505,0.26503015482758263,0.24684308480383138,0.8328811798971505,0.8328811798971505,0.8328811798971505,0.35727922383589383
1147,0.6488332907657733,0.7911014748714381,0.22325044980187025,0.205063379778119,0.7911014748714381,0.7911014748714381,0.7911014748714381,0.31549951881018146
1148,0.607053585740061,0.7493217698457257,0.18147074477615788,0.16328367475240663,0.7493217698457257,0.7493217698457257,0.7493217698457257,0.2737198137844691
1149,0.5652738807143486,0.7075420648200134,0.1396910397504455,0.12150396972669426,0.7075420648200134,0.7075420648200134,0.7075420648200134,0.2319401087587567
1150,0.5234941756886362,0.665762359794301,0.09791133472473314,0.0797242647009819,0.665762359794301,0.665762359794301,0.665762359794301,0.19016040373304433
1151,0.48171447066292383,0.6239826547685886,0.056131629699020774,0.03794455967526954,0.6239826547685886,0.6239826547685886,0.6239826547685886,0.14838069870733195
1152,0.43993476563721146,0.5822029497428762,0.014351924673308411,-0.0038351453504428257,0.5822029497428762,0.5822029497428762,0.5822029497428762,0.10660099368161959
1153,0.7821129607707394,0.28918390219621665,0.17926884319517988,0.9961648546495572,0.9172729427826637,0.8807725877835993,0.6970136579681462,0.27690336901118295
1154,1.0,-0.003835145350442923,0.34418576171705134,1.0,1.0,1.0,0.811824366193416,0.44720574434074634
1155,0.9288659079471676,0.9961648546495571,0.39603814835685136,0.7069809524533405,1.0,1.0,1.0,0.3564564788680026
1156,0.8577318158943352,1.0,0.4478905349966514,0.4139619049066809,1.0,1.0,1.0,0.2657072133952588
1157,0.8159521108686228,0.9582202949742876,0.406110829970939,0.3721821998809685,0.9582202949742876,0.9582202949742876,0.9582202949742876,0.22392750836954645
1158,0.7741724058429105,0.9164405899485752,0.3643311249452266,0.33040249485525613,0.9164405899485752,0.9164405899485752,0.9164405899485752,0.18214780334383407
1159,0.7323927008171981,0.8746608849228629,0.32255141991951425,0.28862278982954376,0.8746608849228629,0.8746608849228629,0.8746608849228629,0.1403680983181217
1160,0.6906129957914857,0.8328811798971505,0.28077171489380187,0.24684308480383138,0.8328811798971505,0.8328811798971505,0.8328811798971505,0.09858839329240933
1161,0.6488332907657733,0.7911014748714381,0.2389920098680895,0.205063379778119,0.7911014748714381,0.7911014748714381,0.7911014748714381,0.056808688266696966
1162,0.607053585740061,0.7493217698457257,0.19721230484237712,0.16328367475240663,0.7493217698457257,0.7493217698457257,0.7493217698457257,0.015028983240984603
1163,0.5652738807143486,0.7075420648200134,0.15543259981666474,0.12150396972669426,0.7075420648200134,0.7075420648200134,0.7075420648200134,-0.02675072178472776
1164,1.0,0.6167927993472696,0.08850029572273861,0.29180634505625763,0.9273526206291364,1.0,0.9717985072968881,0.9732492782152722
1165,1.0,0.5260435338745258,0.021567991628812483,0.46210872038582107,1.0,1.0,1.0,1.0
1166,0.9582202949742876,0.48426382884881347,-0.02021171339689988,0.4203290153601087,0.9582202949742876,0.9582202949742876,0.9582202949742876,0.9582202949742876
1167,1.0,0.5361162154886134,0.9797882866031001,0.5852459338819801,1.0,0.9960567587814039,1.0,0.8912879908803615
1168,1.0,0.5879686021284134,1.0,0.7501628524038516,1.0,1.0,1.0,0.8243556867864353
1169,0.9582202949742876,0.546188897102701,0.9582202949742876,0.7083831473781392,0.9582202949742876,0.9582202949742876,0.9582202949742876,0.782575981760723
1170,0.9164405899485752,0.5044091920769886,0.9164405899485752,0.6666034423524269,0.9164405899485752,0.9164405899485752,0.9164405899485752,0.7407962767350106
1171,0.8746608849228629,0.46262948705127627,0.8746608849228629,0.6248237373267145,0.8746608849228629,0.8746608849228629,0.8746608849228629,0.6990165717092982
1172,0.8328811798971505,0.4208497820255639,0.8328811798971505,0.5830440323010021,0.8328811798971505,0.8328811798971505,0.8328811798971505,0.6572368666835858
1173,0.7911014748714381,0.3790700769998515,0.7911014748714381,0.5412643272752897,0.7911014748714381,0.7911014748714381,0.7911014748714381,0.6154571616578735
1174,0.7493217698457257,0.33729037197413914,0.7493217698457257,0.49948462224957735,0.7493217698457257,0.7493217698457257,0.7493217698457257,0.5736774566321611
1175,0.7075420648200134,0.29551066694842676,0.7075420648200134,0.45770491722386497,0.7075420648200134,0.7075420648200134,0.7075420648200134,0.5318977516064487
1176,0.665762359794301,0.2537309619227144,0.665762359794301,0.4159252121981526,0.665762359794301,0.665762359794301,0.665762359794301,0.4901180465807363
1177,0.6239826547685886,0.211951256897002,0.6239826547685886,0.3741455071724402,0.6239826547685886,0.6239826547685886,0.6239826547685886,0.44833834155502394
1178,0.5822029497428762,0.17017155187128963,0.5822029497428762,0.33236580214672784,0.5822029497428762,0.5822029497428762,0.5822029497428762,0.40655863652931157
1179,0.5404232447171639,0.12839184684557725,0.5404232447171639,0.29058609712101546,0.5404232447171639,0.5404232447171639,0.5404232447171639,0.3647789315035992
1180,0.4986435396914515,0.08661214181986489,0.4986435396914515,0.24880639209530309,0.4986435396914515,0.4986435396914515,0.4986435396914515,0.3229992264778868
1181,0.4568638346657391,0.044832436794152525,0.4568638346657391,0.2070266870695907,0.4568638346657391,0.4568638346657391,0.4568638346657391,0.28121952145217444
1182,0.4150841296400267,0.0030527317684401617,0.4150841296400267,0.16524698204387833,0.4150841296400267,0.4150841296400267,0.4150841296400267,0.23943981642646206
1183,0.37330442461431435,-0.0387269732572722,0.37330442461431435,0.12346727701816597,0.37330442461431435,0.37330442461431435,0.37330442461431435,0.19766011140074968
1184,0.30217033256148196,0.9612730267427279,0.42515681125411436,-0.16955177052849363,0.39178693361725175,0.5552711442745372,0.5900030802169866,0.10691084592800591
1185,0.23103624050864957,1.0,0.4770091978939144,-0.4625708180751532,0.41026944262018916,0.73723786393476,0.8067017358196588,0.016161580455262142
1186,0.5732144356421774,0.7069809524533405,0.6419261164157858,0.5374291819248468,0.7453394356599766,1.0,0.9215124440449286,0.18646395578482555
1187,0.9153926307757053,0.4139619049066809,0.8068430349376573,1.0,1.0,1.0,1.0,0.35676633111438893
1188,0.8736129257499929,0.3721821998809685,0.7650633299119449,0.9582202949742876,0.9582202949742876,0.9582202949742876,0.9582202949742876,0.31498662608867656
1189,0.8318332207242806,0.33040249485525613,0.7232836248862325,0.9164405899485752,0.9164405899485752,0.9164405899485752,0.9164405899485752,0.2732069210629642
1190,0.7900535156985682,0.28862278982954376,0.6815039198605202,0.8746608849228629,0.8746608849228629,0.8746608849228629,0.8746608849228629,0.2314272160372518
1191,0.7482738106728558,0.24684308480383138,0.6397242148348078,0.8328811798971505,0.8328811798971505,0.8328811798971505,0.8328811798971505,0.18964751101153943
1192,0.7064941056471434,0.205063379778119,0.5979445098090954,0.7911014748714381,0.7911014748714381,0.7911014748714381,0.7911014748714381,0.14786780598582705
1193,0.6647144006214311,0.16328367475240663,0.556164804783383,0.7493217698457257,0.7493217698457257,0.7493217698457257,0.7493217698457257,0.10608810096011469
1194,0.6229346955957187,0.12150396972669426,0.5143850997576707,0.7075420648200134,0.7075420648200134,0.7075420648200134,0.7075420648200134,0.06430839593440232
1195,0.5811549905700063,0.0797242647009819,0.4726053947319583,0.665762359794301,0.665762359794301,0.665762359794301,0.665762359794301,0.02252869090868996
1196,0.5393752855442939,0.03794455967526954,0.4308256897062459,0.6239826547685886,0.6239826547685886,0.6239826547685886,0.6239826547685886,-0.019251014117022403
1197,1.0,-0.05280470579747423,0.36389338561231976,0.794285030098152,0.8437932105777116,1.0,0.8882390972454633,0.9807489858829777
1198,1.0,-0.14355397127021802,0.2969610815183936,0.9645874054277154,1.0,1.0,1.0,1.0
1199,0.9288659079471676,0.8564460287297819,0.34881346815819364,0.6715683578810557,1.0,1.0,1.0,0.9092507345272562
1200,0.8577318158943352,1.0,0.40066585479799366,0.37854931033439615,1.0,1.0,1.0,0.8185014690545125
1201,0.8159521108686228,0.9582202949742876,0.3588861497722813,0.3367696053086838,0.9582202949742876,0.9582202949742876,0.9582202949742876,0.7767217640288001
1202,0.7741724058429105,0.9164405899485752,0.3171064447465689,0.2949899002829714,0.9164405899485752,0.9164405899485752,0.9164405899485752,0.7349420590030877
1203,0.7323927008171981,0.8746608849228629,0.27532673972085653,0.253210195257259,0.8746608849228629,0.8746608849228629,0.8746608849228629,0.6931623539773754
1204,0.6906129957914857,0.8328811798971505,0.23354703469514415,0.21143049023154664,0.8328811798971505,0.8328811798971505,0.8328811798971505,0.651382648951663
1205,0.6488332907657733,0.7911014748714381,0.19176732966943177,0.16965078520583426,0.7911014748714381,0.7911014748714381,0.7911014748714381,0.6096029439259506
1206,0.607053585740061,0.7493217698457257,0.1499876246437194,0.1278710801801219,0.7493217698457257,0.7493217698457257,0.7493217698457257,0.5678232389002382
1207,0.5652738807143486,0.7075420648200134,0.10820791961800703,0.08609137515440952,0.7075420648200134,0.7075420648200134,0.7075420648200134,0.5260435338745258
1208,0.5234941756886362,0.665762359794301,0.06642821459229467,0.04431167012869716,0.665762359794301,0.665762359794301,0.665762359794301,0.48426382884881347
1209,0.48171447066292383,0.6239826547685886,0.024648509566582308,0.0025319651029847984,0.6239826547685886,0.6239826547685886,0.6239826547685886,0.4424841238231011
1210,0.43993476563721146,0.5822029497428762,-0.017131195459130055,-0.039247739922727565,0.5822029497428762,0.5822029497428762,0.5822029497428762,0.4007044187973887
1211,0.7821129607707394,0.28918390219621665,0.1477857230627414,0.9607522600772724,0.9172729427826637,0.8807725877835993,0.6970136579681462,0.5710067941269521
1212,1.0,-0.003835145350442923,0.31270264158461286,1.0,1.0,1.0,0.811824366193416,0.7413091694565155
1213,0.9288659079471676,0.9961648546495571,0.3645550282244129,0.7069809524533405,1.0,1.0,1.0,0.6505599039837717
1214,0.8577318158943352,1.0,0.4164074148642129,0.4139619049066809,1.0,1.0,1.0,0.559810638511028
1215,0.8159521108686228,0.9582202949742876,0.3746277098385005,0.3721821998809685,0.9582202949742876,0.9582202949742876,0.9582202949742876,0.5180309334853156
1216,0.7741724058429105,0.9164405899485752,0.33284800481278815,0.33040249485525613,0.9164405899485752,0.9164405899485752,0.9164405899485752,0.4762512284596032
1217,0.7323927008171981,0.8746608849228629,0.29106829978707577,0.28862278982954376,0.8746608849228629,0.8746608849228629,0.8746608849228629,0.43447152343389084
1218,0.6906129957914857,0.8328811798971505,0.2492885947613634,0.24684308480383138,0.8328811798971505,0.8328811798971505,0.8328811798971505,0.39269181840817846
1219,0.6488332907657733,0.7911014748714381,0.20750888973565101,0.205063379778119,0.7911014748714381,0.7911014748714381,0.7911014748714381,0.3509121133824661
1220,0.607053585740061,0.7493217698457257,0.16572918470993864,0.16328367475240663,0.7493217698457257,0.7493217698457257,0.7493217698457257,0.3091324083567537
1221,0.5652738807143486,0.7075420648200134,0.12394947968422627,0.12150396972669426,0.7075420648200134,0.7075420648200134,0.7075420648200134,0.26735270333104133
1222,0.5234941756886362,0.665762359794301,0.08216977465851391,0.0797242647009819,0.665762359794301,0.665762359794301,0.665762359794301,0.22557299830532895
1223,0.48171447066292383,0.6239826547685886,0.04039006963280155,0.03794455967526954,0.6239826547685886,0.6239826547685886,0.6239826547685886,0.18379329327961658
1224,0.43993476563721146,0.5822029497428762,-0.0013896353929108152,-0.0038351453504428257,0.5822029497428762,0.5822029497428762,0.5822029497428762,0.1420135882539042
1225,0.6685381944723466,0.6340553363826762,0.9986103646070892,0.16108177317142863,1.0,0.6200394135499926,0.7682200536294971,0.07508128415997807
1226,0.8971416233074818,0.6859077230224762,1.0,0.3259986916933001,1.0,0.657875877357109,0.954237157516118,0.008148980066051942
1227,0.8553619182817694,0.6441280179967638,0.9582202949742876,0.2842189866675877,0.9582202949742876,0.6160961723313966,0.9124574524904057,-0.03363072495966042
1228,1.0,0.55337875252402,0.8912879908803615,0.4545213619971511,1.0,1.0,1.0,0.9663692750403395
1229,1.0,0.46262948705127627,0.8243556867864353,0.6248237373267145,1.0,1.0,1.0,1.0
1230,0.9582202949742876,0.4208497820255639,0.782575981760723,0.5830440323010021,0.9582202949742876,0.9582202949742876,0.9582202949742876,0.9582202949742876
1231,0.9164405899485752,0.3790700769998515,0.7407962767350106,0.5412643272752897,0.9164405899485752,0.9164405899485752,0.9164405899485752,0.9164405899485752
1232,0.8746608849228629,0.33729037197413914,0.6990165717092982,0.49948462224957735,0.8746608849228629,0.8746608849228629,0.8746608849228629,0.8746608849228629
1233,0.8328811798971505,0.29551066694842676,0.6572368666835858,0.45770491722386497,0.8328811798971505,0.8328811798971505,0.8328811798971505,0.8328811798971505
1234,0.7911014748714381,0.2537309619227144,0.6154571616578735,0.4159252121981526,0.7911014748714381,0.7911014748714381,0.7911014748714381,0.7911014748714381
1235,0.7493217698457257,0.211951256897002,0.5736774566321611,0.3741455071724402,0.7493217698457257,0.7493217698457257,0.7493217698457257,0.7493217698457257
1236,0.7075420648200134,0.17017155187128963,0.5318977516064487,0.33236580214672784,0.7075420648200134,0.7075420648200134,0.7075420648200134,0.7075420648200134
1237,0.665762359794301,0.12839184684557725,0.4901180465807363,0.29058609712101546,0.665762359794301,0.665762359794301,0.665762359794301,0.665762359794301
1238,0.6239826547685886,0.08661214181986489,0.44833834155502394,0.24880639209530309,0.6239826547685886,0.6239826547685886,0.6239826547685886,0.6239826547685886
1239,0.5822029497428762,0.044832436794152525,0.40655863652931157,0.2070266870695907,0.5822029497428762,0.5822029497428762,0.5822029497428762,0.5822029497428762
1240,0.5404232447171639,0.0030527317684401617,0.3647789315035992,0.16524698204387833,0.5404232447171639,0.5404232447171639,0.5404232447171639,0.5404232447171639
1241,0.4986435396914515,-0.0387269732572722,0.3229992264778868,0.12346727701816597,0.4986435396914515,0.4986435396914515,0.4986435396914515,0.4986435396914515
1242,0.4275094476386191,0.9612730267427279,0.37485161311768683,-0.16955177052849363,0.5171260486943888,0.6806102593516743,0.7153421952941237,0.4078942742187077
1243,0.3563753555857867,1.0,0.42670399975748685,-0.4625708180751532,0.5356085576973263,0.8625769790118971,0.9320408508967959,0.31714500874596396
1244,0.6985535507193147,0.7069809524533405,0.5916209182793583,0.5374291819248468,0.8706785507371138,1.0,1.0,0.48744738407552735
1245,1.0,0.4139619049066809,0.7565378368012298,1.0,1.0,1.0,1.0,0.6577497594050907
1246,0.9582202949742876,0.3721821998809685,0.7147581317755174,0.9582202949742876,0.9582202949742876,0.9582202949742876,0.9582202949742876,0.6159700543793784
1247,0.9164405899485752,0.33040249485525613,0.672978426749805,0.9164405899485752,0.9164405899485752,0.9164405899485752,0.9164405899485752,0.574190349353666
1248,0.8746608849228629,0.28862278982954376,0.6311987217240926,0.8746608849228629,0.8746608849228629,0.8746608849228629,0.8746608849228629,0.5324106443279536
1249,0.8328811798971505,0.24684308480383138,0.5894190166983803,0.8328811798971505,0.8328811798971505,0.8328811798971505,0.8328811798971505,0.4906309393022412
1250,0.7911014748714381,0.205063379778119,0.5476393116726679,0.7911014748714381,0.7911014748714381,0.7911014748714381,0.7911014748714381,0.44885123427652884
1251,0.7493217698457257,0.16328367475240663,0.5058596066469555,0.7493217698457257,0.7493217698457257,0.7493217698457257,0.7493217698457257,0.40707152925081647
1252,0.7075420648200134,0.12150396972669426,0.46407990162124313,0.7075420648200134,0.7075420648200134,0.7075420648200134,0.7075420648200134,0.3652918242251041
1253,0.665762359794301,0.0797242647009819,0.42230019659553075,0.665762359794301,0.665762359794301,0.665762359794301,0.665762359794301,0.3235121191993917
1254,0.6239826547685886,0.03794455967526954,0.3805204915698184,0.6239826547685886,0.6239826547685886,0.6239826547685886,0.6239826547685886,0.28173241417367934
1255,0.5822029497428762,-0.0038351453504428257,0.338740786544106,0.5822029497428762,0.5822029497428762,0.5822029497428762,0.5822029497428762,0.23995270914796696
1256,0.5110688576900438,0.9961648546495572,0.390593173183906,0.28918390219621665,0.6006854587458136,0.764169669403099,0.7989016053455484,0.1492034436752232
1257,0.43993476563721146,1.0,0.44244555982370604,-0.003835145350442923,0.619167967748751,0.9461363890633219,1.0,0.05845417820247943
1258,0.7821129607707394,0.7069809524533405,0.6073624783455774,0.9961648546495571,0.9542379607885385,1.0,1.0,0.22875655353204283
1259,1.0,0.4139619049066809,0.772279396867449,1.0,1.0,1.0,1.0,0.3990589288616062
1260,0.9582202949742876,0.3721821998809685,0.7304996918417366,0.9582202949742876,0.9582202949742876,0.9582202949742876,0.9582202949742876,0.35727922383589383
1261,0.9164405899485752,0.33040249485525613,0.6887199868160242,0.9164405899485752,0.9164405899485752,0.9164405899485752,0.9164405899485752,0.31549951881018146
1262,0.8746608849228629,0.28862278982954376,0.6469402817903118,0.8746608849228629,0.8746608849228629,0.8746608849228629,0.8746608849228629,0.2737198137844691
1263,0.8328811798971505,0.24684308480383138,0.6051605767645994,0.8328811798971505,0.8328811798971505,0.8328811798971505,0.8328811798971505,0.2319401087587567
1264,0.7911014748714381,0.205063379778119,0.5633808717388871,0.7911014748714381,0.7911014748714381,0.7911014748714381,0.7911014748714381,0.19016040373304433
1265,0.7493217698457257,0.16328367475240663,0.5216011667131747,0.7493217698457257,0.7493217698457257,0.7493217698457257,0.7493217698457257,0.14838069870733195
1266,0.7075420648200134,0.12150396972669426,0.4798214616874623,0.7075420648200134,0.7075420648200134,0.7075420648200134,0.7075420648200134,0.10660099368161959
1267,0.665762359794301,0.0797242647009819,0.43804175666174994,0.665762359794301,0.665762359794301,0.665762359794301,0.665762359794301,0.06482128865590722
1268,0.6239826547685886,0.03794455967526954,0.39626205163603756,0.6239826547685886,0.6239826547685886,0.6239826547685886,0.6239826547685886,0.02304158363019486
1269,0.5822029497428762,-0.0038351453504428257,0.3544823466103252,0.5822029497428762,0.5822029497428762,0.5822029497428762,0.5822029497428762,-0.018738121395517504
1270,1.0,-0.0945844108231866,0.28755004251639904,0.7525053250724396,0.8020135055519992,1.0,0.846459392219751,0.9812618786044824
1271,1.0,-0.1853336762959304,0.2206177384224729,0.922807700402003,1.0,1.0,1.0,1.0
1272,0.9288659079471676,0.8146663237040697,0.2724701250622729,0.6297886528553435,1.0,1.0,1.0,0.9092507345272562
1273,0.8577318158943352,1.0,0.32432251170207294,0.3367696053086839,1.0,1.0,1.0,0.8185014690545125
1274,0.8159521108686228,0.9582202949742876,0.28254280667636056,0.2949899002829715,0.9582202949742876,0.9582202949742876,0.9582202949742876,0.7767217640288001
1275,0.7741724058429105,0.9164405899485752,0.24076310165064818,0.25321019525725913,0.9164405899485752,0.9164405899485752,0.9164405899485752,0.7349420590030877
1276,0.7323927008171981,0.8746608849228629,0.1989833966249358,0.21143049023154675,0.8746608849228629,0.8746608849228629,0.8746608849228629,0.6931623539773754
1277,0.6906129957914857,0.8328811798971505,0.15720369159922343,0.16965078520583438,0.8328811798971505,0.8328811798971505,0.8328811798971505,0.651382648951663
1278,0.6488332907657733,0.7911014748714381,0.11542398657351106,0.127871080180122,0.7911014748714381,0.7911014748714381,0.7911014748714381,0.6096029439259506
1279,0.607053585740061,0.7493217698457257,0.0736442815477987,0.08609137515440964,0.7493217698457257,0.7493217698457257,0.7493217698457257,0.5678232389002382
1280,0.5652738807143486,0.7075420648200134,0.03186457652208634,0.04431167012869727,0.7075420648200134,0.7075420648200134,0.7075420648200134,0.5260435338745258
1281,0.5234941756886362,0.665762359794301,-0.009915128503626025,0.0025319651029849094,0.665762359794301,0.665762359794301,0.665762359794301,0.48426382884881347
1282,0.7520976045237714,0.717614746434101,0.9900848714963739,0.16744888362485638,1.0,0.7035988236014173,0.8517794636809218,0.41733152475488733
1283,0.9807010333589067,0.7694671330739009,1.0,0.33236580214672784,1.0,0.7414352874085337,1.0,0.3503992206609612
1284,0.9389213283331943,0.7276874280481885,0.9582202949742876,0.29058609712101546,0.9582202949742876,0.6996555823828213,0.9582202949742876,0.3086195156352488
1285,0.8971416233074819,0.6859077230224762,0.9164405899485752,0.24880639209530309,0.9164405899485752,0.657875877357109,0.9164405899485752,0.26683981060953643
1286,0.8553619182817696,0.6441280179967638,0.8746608849228629,0.2070266870695907,0.8746608849228629,0.6160961723313966,0.8746608849228629,0.22506010558382405
1287,0.8135822132560572,0.6023483129710514,0.8328811798971505,0.16524698204387833,0.8328811798971505,0.5743164673056842,0.8328811798971505,0.18328040055811168
1288,0.7718025082303448,0.560568607945339,0.7911014748714381,0.12346727701816597,0.7911014748714381,0.5325367622799718,0.7911014748714381,0.1415006955323993
1289,0.7300228032046324,0.5187889029196266,0.7493217698457257,0.0816875719924536,0.7493217698457257,0.49075705725425944,0.7493217698457257,0.09972099050668694
1290,0.68824309817892,0.47700919789391427,0.7075420648200134,0.03990786696674124,0.7075420648200134,0.44897735222854707,0.7075420648200134,0.057941285480974575
1291,0.6464633931532077,0.4352294928682019,0.665762359794301,-0.0018718380589711203,0.665762359794301,0.4071976472028347,0.665762359794301,0.01616158045526221
1292,0.9886415882867355,0.1422104453215423,0.8306792783161724,0.9981281619410289,1.0,0.7057672852435578,0.7805730680195709,0.1864639557848256
1293,1.0,-0.15080860222511727,0.9955961968380439,1.0,1.0,1.0,0.8953837762448408,0.356766331114389
1294,0.9288659079471676,0.8491913977748827,1.0,0.7069809524533405,1.0,1.0,1.0,0.2660170656416452
1295,0.8577318158943352,1.0,1.0,0.4139619049066809,1.0,1.0,1.0,0.17526780016890142
1296,0.8159521108686228,0.9582202949742876,0.9582202949742876,0.3721821998809685,0.9582202949742876,0.9582202949742876,0.9582202949742876,0.13348809514318905
1297,0.7741724058429105,0.9164405899485752,0.9164405899485752,0.33040249485525613,0.9164405899485752,0.9164405899485752,0.9164405899485752,0.09170839011747668
1298,0.7323927008171981,0.8746608849228629,0.8746608849228629,0.28862278982954376,0.8746608849228629,0.8746608849228629,0.8746608849228629,0.04992868509176432
1299,0.6906129957914857,0.8328811798971505,0.8328811798971505,0.24684308480383138,0.8328811798971505,0.8328811798971505,0.8328811798971505,0.008148980066051956
1300,0.6488332907657733,0.7911014748714381,0.7911014748714381,0.205063379778119,0.7911014748714381,0.7911014748714381,0.7911014748714381,-0.03363072495966041
1301,1.0,0.7003522093986944,0.724169170777512,0.3753657551076824,1.0,1.0,1.0,0.9663692750403396
1302,1.0,0.6096029439259506,0.6572368666835858,0.5456681304372458,1.0,1.0,1.0,1.0
1303,0.9582202949742876,0.5678232389002382,0.6154571616578735,0.5038884254115334,0.9582202949742876,0.9582202949742876,0.9582202949742876,0.9582202949742876
1304,0.9164405899485752,0.5260435338745258,0.5736774566321611,0.46210872038582107,0.9164405899485752,0.9164405899485752,0.9164405899485752,0.9164405899485752
1305,0.8746608849228629,0.48426382884881347,0.5318977516064487,0.4203290153601087,0.8746608849228629,0.8746608849228629,0.8746608849228629,0.8746608849228629
1306,0.8328811798971505,0.4424841238231011,0.4901180465807363,0.3785493103343963,0.8328811798971505,0.8328811798971505,0.8328811798971505,0.8328811798971505
1307,0.7911014748714381,0.4007044187973887,0.44833834155502394,0.33676960530868394,0.7911014748714381,0.7911014748714381,0.7911014748714381,0.7911014748714381
1308,0.7493217698457257,0.35892471377167634,0.40655863652931157,0.29498990028297156,0.7493217698457257,0.7493217698457257,0.7493217698457257,0.7493217698457257
1309,0.7075420648200134,0.31714500874596396,0.3647789315035992,0.2532101952572592,0.7075420648200134,0.7075420648200134,0.7075420648200134,0.7075420648200134
1310,0.665762359794301,0.2753653037202516,0.3229992264778868,0.2114304902315468,0.665762359794301,0.665762359794301,0.665762359794301,0.665762359794301
1311,0.6239826547685886,0.2335855986945392,0.28121952145217444,0.16965078520583443,0.6239826547685886,0.6239826547685886,0.6239826547685886,0.6239826547685886
1312,0.5822029497428762,0.19180589366882683,0.23943981642646206,0.12787108018012205,0.5822029497428762,0.5822029497428762,0.5822029497428762,0.5822029497428762
1313,0.5404232447171639,0.15002618864311446,0.19766011140074968,0.08609137515440969,0.5404232447171639,0.5404232447171639,0.5404232447171639,0.5404232447171639
1314,0.4986435396914515,0.10824648361740209,0.1558804063750373,0.04431167012869733,0.4986435396914515,0.4986435396914515,0.4986435396914515,0.4986435396914515
1315,0.4568638346657391,0.06646677859168973,0.11410070134932494,0.002531965102984965,0.4568638346657391,0.4568638346657391,0.4568638346657391,0.4568638346657391
1316,0.4150841296400267,0.024687073565977366,0.07232099632361258,-0.0392477399227274,0.4150841296400267,0.4150841296400267,0.4150841296400267,0.4150841296400267
1317,0.7572623247735547,-0.2683319739806822,0.23723791484548407,0.9607522600772727,0.7501541226798142,0.7136537676807498,0.5298948378652967,0.5853865049695901
1318,1.0,-0.5613510215273417,0.4021548333673555,1.0,1.0,1.0,0.6447055460905665,0.7556888802991535
1319,0.9288659079471676,0.43864897847265827,0.45400722000715554,0.7069809524533405,1.0,1.0,0.8614042016932387,0.6649396148264097
1320,0.8577318158943352,1.0,0.5058596066469555,0.4139619049066809,1.0,1.0,1.0,0.574190349353666
1321,0.8159521108686228,0.9582202949742876,0.46407990162124313,0.3721821998809685,0.9582202949742876,0.9582202949742876,0.9582202949742876,0.5324106443279536
1322,0.7741724058429105,0.9164405899485752,0.42230019659553075,0.33040249485525613,0.9164405899485752,0.9164405899485752,0.9164405899485752,0.4906309393022412
1323,0.7323927008171981,0.8746608849228629,0.3805204915698184,0.28862278982954376,0.8746608849228629,0.8746608849228629,0.8746608849228629,0.44885123427652884
1324,0.6906129957914857,0.8328811798971505,0.338740786544106,0.24684308480383138,0.8328811798971505,0.8328811798971505,0.8328811798971505,0.40707152925081647
1325,0.6488332907657733,0.7911014748714381,0.2969610815183936,0.205063379778119,0.7911014748714381,0.7911014748714381,0.7911014748714381,0.3652918242251041
1326,0.607053585740061,0.7493217698457257,0.25518137649268124,0.16328367475240663,0.7493217698457257,0.7493217698457257,0.7493217698457257,0.3235121191993917
1327,0.5652738807143486,0.7075420648200134,0.21340167146696887,0.12150396972669426,0.7075420648200134,0.7075420648200134,0.7075420648200134,0.28173241417367934
1328,0.5234941756886362,0.665762359794301,0.1716219664412565,0.0797242647009819,0.665762359794301,0.665762359794301,0.665762359794301,0.23995270914796696
1329,0.48171447066292383,0.6239826547685886,0.1298422614155441,0.03794455967526954,0.6239826547685886,0.6239826547685886,0.6239826547685886,0.19817300412225458
1330,0.43993476563721146,0.5822029497428762,0.08806255638983175,-0.0038351453504428257,0.5822029497428762,0.5822029497428762,0.5822029497428762,0.1563932990965422
1331,0.7821129607707394,0.28918390219621665,0.2529794749117032,0.9961648546495572,0.9172729427826637,0.8807725877835993,0.6970136579681462,0.3266956744261056
1332,1.0,-0.003835145350442923,0.41789639343357465,1.0,1.0,1.0,0.811824366193416,0.49699804975566897
1333,0.9288659079471676,0.9961648546495571,0.4697487800733746,0.7069809524533405,1.0,1.0,1.0,0.4062487842829252
1334,0.8577318158943352,1.0,0.5216011667131746,0.4139619049066809,1.0,1.0,1.0,0.31549951881018146
1335,0.8159521108686228,0.9582202949742876,0.4798214616874622,0.3721821998809685,0.9582202949742876,0.9582202949742876,0.9582202949742876,0.2737198137844691
1336,0.7741724058429105,0.9164405899485752,0.4380417566617498,0.33040249485525613,0.9164405899485752,0.9164405899485752,0.9164405899485752,0.2319401087587567
1337,0.7323927008171981,0.8746608849228629,0.39626205163603745,0.28862278982954376,0.8746608849228629,0.8746608849228629,0.8746608849228629,0.19016040373304433
1338,0.6906129957914857,0.8328811798971505,0.35448234661032507,0.24684308480383138,0.8328811798971505,0.8328811798971505,0.8328811798971505,0.14838069870733195
1339,0.6488332907657733,0.7911014748714381,0.3127026415846127,0.205063379778119,0.7911014748714381,0.7911014748714381,0.7911014748714381,0.10660099368161959
1340,0.607053585740061,0.7493217698457257,0.2709229365589003,0.16328367475240663,0.7493217698457257,0.7493217698457257,0.7493217698457257,0.06482128865590722
1341,0.5652738807143486,0.7075420648200134,0.22914323153318794,0.12150396972669426,0.7075420648200134,0.7075420648200134,0.7075420648200134,0.02304158363019486
1342,0.5234941756886362,0.665762359794301,0.18736352650747556,0.0797242647009819,0.665762359794301,0.665762359794301,0.665762359794301,-0.018738121395517504
1343,1.0,0.5750130943215572,0.12043122241354944,0.2500266400305453,0.885572915603424,1.0,0.9300188022711757,0.9812618786044824
1344,1.0,0.48426382884881347,0.053498918319623306,0.4203290153601087,1.0,1.0,1.0,1.0
1345,0.9582202949742876,0.4424841238231011,0.011719213293910943,0.3785493103343963,0.9582202949742876,0.9582202949742876,0.9582202949742876,0.9582202949742876
1346,0.9164405899485752,0.4007044187973887,-0.03006049173180142,0.33676960530868394,0.9164405899485752,0.9164405899485752,0.9164405899485752,0.9164405899485752
1347,1.0,0.45255680543718874,0.9699395082681985,0.5016865238305553,1.0,0.9542770537556916,1.0,0.8495082858546491
1348,1.0,0.5044091920769888,1.0,0.6666034423524269,1.0,0.9921135175628081,1.0,0.782575981760723
1349,0.9582202949742876,0.4626294870512764,0.9582202949742876,0.6248237373267145,0.9582202949742876,0.9503338125370957,0.9582202949742876,0.7407962767350106
1350,0.9164405899485752,0.420849782025564,0.9164405899485752,0.5830440323010021,0.9164405899485752,0.9085541075113833,0.9164405899485752,0.6990165717092982
1351,0.8746608849228629,0.3790700769998516,0.8746608849228629,0.5412643272752897,0.8746608849228629,0.866774402485671,0.8746608849228629,0.6572368666835858
1352,0.8328811798971505,0.33729037197413925,0.8328811798971505,0.49948462224957735,0.8328811798971505,0.8249946974599586,0.8328811798971505,0.6154571616578735
1353,0.7911014748714381,0.29551066694842687,0.7911014748714381,0.45770491722386497,0.7911014748714381,0.7832149924342462,0.7911014748714381,0.5736774566321611
1354,0.7493217698457257,0.2537309619227145,0.7493217698457257,0.4159252121981526,0.7493217698457257,0.7414352874085338,0.7493217698457257,0.5318977516064487
1355,0.7075420648200134,0.21195125689700212,0.7075420648200134,0.3741455071724402,0.7075420648200134,0.6996555823828214,0.7075420648200134,0.4901180465807363
1356,0.665762359794301,0.17017155187128974,0.665762359794301,0.33236580214672784,0.665762359794301,0.6578758773571091,0.665762359794301,0.44833834155502394
1357,0.6239826547685886,0.12839184684557736,0.6239826547685886,0.29058609712101546,0.6239826547685886,0.6160961723313967,0.6239826547685886,0.40655863652931157
1358,0.5822029497428762,0.086612141819865,0.5822029497428762,0.24880639209530309,0.5822029497428762,0.5743164673056843,0.5822029497428762,0.3647789315035992
1359,0.5404232447171639,0.044832436794152636,0.5404232447171639,0.2070266870695907,0.5404232447171639,0.5325367622799719,0.5404232447171639,0.3229992264778868
1360,0.4986435396914515,0.0030527317684402727,0.4986435396914515,0.16524698204387833,0.4986435396914515,0.49075705725425955,0.4986435396914515,0.28121952145217444
1361,0.4568638346657391,-0.03872697325727209,0.4568638346657391,0.12346727701816597,0.4568638346657391,0.4489773522285472,0.4568638346657391,0.23943981642646206
1362,0.3857297426129067,0.9612730267427279,0.5087162213055391,-0.16955177052849363,0.47534634366867656,0.63094407188877,0.6735624902684113,0.1486905509537183
1363,0.3145956505600743,1.0,0.560568607945339,-0.4625708180751532,0.493828852671614,0.8129107915489928,0.8902611458710835,0.05794128548097453
1364,0.6567738456936022,0.7069809524533405,0.7254855264672105,0.5374291819248468,0.8288988457114015,1.0,1.0,0.22824366081053793
1365,0.9989520408271301,0.4139619049066809,0.890402444989082,1.0,1.0,1.0,1.0,0.3985460361401013
1366,0.9571723358014177,0.3721821998809685,0.8486227399633697,0.9582202949742876,0.9582202949742876,0.9582202949742876,0.9582202949742876,0.35676633111438893
1367,0.9153926307757053,0.33040249485525613,0.8068430349376573,0.9164405899485752,0.9164405899485752,0.9164405899485752,0.9164405899485752,0.31498662608867656
1368,0.8736129257499929,0.28862278982954376,0.7650633299119449,0.8746608849228629,0.8746608849228629,0.8746608849228629,0.8746608849228629,0.2732069210629642
1369,0.8318332207242806,0.24684308480383138,0.7232836248862325,0.8328811798971505,0.8328811798971505,0.8328811798971505,0.8328811798971505,0.2314272160372518
1370,0.7900535156985682,0.205063379778119,0.6815039198605202,0.7911014748714381,0.7911014748714381,0.7911014748714381,0.7911014748714381,0.18964751101153943
1371,0.7482738106728558,0.16328367475240663,0.6397242148348078,0.7493217698457257,0.7493217698457257,0.7493217698457257,0.7493217698457257,0.14786780598582705
1372,0.7064941056471434,0.12150396972669426,0.5979445098090954,0.7075420648200134,0.7075420648200134,0.7075420648200134,0.7075420648200134,0.10608810096011469
1373,0.6647144006214311,0.0797242647009819,0.556164804783383,0.665762359794301,0.665762359794301,0.665762359794301,0.665762359794301,0.06430839593440232
1374,0.6229346955957187,0.03794455967526954,0.5143850997576707,0.6239826547685886,0.6239826547685886,0.6239826547685886,0.6239826547685886,0.02252869090868996
1375,0.5811549905700063,-0.0038351453504428257,0.4726053947319583,0.5822029497428762,0.5822029497428762,0.5822029497428762,0.5822029497428762,-0.019251014117022403
1376,1.0,-0.0945844108231866,0.40567309063803214,0.7525053250724396,0.8020135055519992,1.0,0.846459392219751,0.9807489858829777
1377,1.0,-0.1853336762959304,0.338740786544106,0.922807700402003,1.0,1.0,1.0,1.0
1378,0.9288659079471676,0.8146663237040697,0.390593173183906,0.6297886528553435,1.0,1.0,1.0,0.9092507345272562
1379,0.8577318158943352,1.0,0.44244555982370604,0.3367696053086839,1.0,1.0,1.0,0.8185014690545125
1380,0.8159521108686228,0.9582202949742876,0.40066585479799366,0.2949899002829715,0.9582202949742876,0.9582202949742876,0.9582202949742876,0.7767217640288001
1381,0.7741724058429105,0.9164405899485752,0.3588861497722813,0.25321019525725913,0.9164405899485752,0.9164405899485752,0.9164405899485752,0.7349420590030877
1382,0.7323927008171981,0.8746608849228629,0.3171064447465689,0.21143049023154675,0.8746608849228629,0.8746608849228629,0.8746608849228629,0.6931623539773754
1383,0.6906129957914857,0.8328811798971505,0.27532673972085653,0.16965078520583438,0.8328811798971505,0.8328811798971505,0.8328811798971505,0.651382648951663
1384,0.6488332907657733,0.7911014748714381,0.23354703469514415,0.127871080180122,0.7911014748714381,0.7911014748714381,0.7911014748714381,0.6096029439259506
1385,0.607053585740061,0.7493217698457257,0.19176732966943177,0.08609137515440964,0.7493217698457257,0.7493217698457257,0.7493217698457257,0.5678232389002382
1386,0.5652738807143486,0.7075420648200134,0.1499876246437194,0.04431167012869727,0.7075420648200134,0.7075420648200134,0.7075420648200134,0.5260435338745258
1387,0.5234941756886362,0.665762359794301,0.10820791961800703,0.0025319651029849094,0.665762359794301,0.665762359794301,0.665762359794301,0.48426382884881347
1388,0.48171447066292383,0.6239826547685886,0.06642821459229467,-0.039247739922727454,0.6239826547685886,0.6239826547685886,0.6239826547685886,0.4424841238231011
1389,0.8238926657964517,0.330963607221929,0.23134513311416616,0.9607522600772725,0.9590526478083762,0.9225522928093118,0.7387933629938584,0.6127864991526645
1390,1.0,0.037944559675269454,0.3962620516360376,1.0,1.0,1.0,0.8536040712191283,0.7830888744822279
1391,0.9582202949742876,-0.003835145350442909,0.35448234661032524,0.9582202949742876,0.9582202949742876,0.9582202949742876,0.8118243661934159,0.7413091694565155
1392,0.8870862029214552,0.9961648546495571,0.40633473325012526,0.665201247427628,0.9767028039772251,1.0,1.0,0.6505599039837717
1393,0.8159521108686228,1.0,0.4581871198899253,0.3721821998809684,0.9951853129801626,1.0,1.0,0.559810638511028
1394,0.7741724058429105,0.9582202949742876,0.4164074148642129,0.330402494855256,0.9534056079544502,0.9582202949742876,0.9582202949742876,0.5180309334853156
1395,0.7323927008171981,0.9164405899485752,0.3746277098385005,0.28862278982954365,0.9116259029287378,0.9164405899485752,0.9164405899485752,0.4762512284596032
1396,0.6906129957914857,0.8746608849228629,0.33284800481278815,0.24684308480383127,0.8698461979030254,0.8746608849228629,0.8746608849228629,0.43447152343389084
1397,0.6488332907657733,0.8328811798971505,0.29106829978707577,0.2050633797781189,0.828066492877313,0.8328811798971505,0.8328811798971505,0.39269181840817846
1398,0.607053585740061,0.7911014748714381,0.2492885947613634,0.16328367475240652,0.7862867878516007,0.7911014748714381,0.7911014748714381,0.3509121133824661
1399,0.5652738807143486,0.7493217698457257,0.20750888973565101,0.12150396972669415,0.7445070828258883,0.7493217698457257,0.7493217698457257,0.3091324083567537
1400,0.5234941756886362,0.7075420648200134,0.16572918470993864,0.07972426470098179,0.7027273778001759,0.7075420648200134,0.7075420648200134,0.26735270333104133
1401,0.48171447066292383,0.665762359794301,0.12394947968422627,0.037944559675269426,0.6609476727744635,0.665762359794301,0.665762359794301,0.22557299830532895
1402,0.43993476563721146,0.6239826547685886,0.08216977465851391,-0.0038351453504429367,0.6191679677487512,0.6239826547685886,0.6239826547685886,0.18379329327961658
1403,0.7821129607707394,0.330963607221929,0.24708669318038534,0.9961648546495571,0.9542379607885386,0.9225522928093118,0.7387933629938584,0.35409566860917996
1404,1.0,0.037944559675269454,0.4120036117022568,1.0,1.0,1.0,0.8536040712191283,0.5243980439387433
1405,0.9582202949742876,-0.003835145350442909,0.3702239066765444,0.9582202949742876,0.9582202949742876,0.9582202949742876,0.8118243661934159,0.48261833891303096
1406,0.8870862029214552,0.9961648546495571,0.42207629331634444,0.665201247427628,0.9767028039772251,1.0,1.0,0.3918690734402872
1407,0.8159521108686228,1.0,0.4739286799561444,0.3721821998809684,0.9951853129801626,1.0,1.0,0.30111980796754345
1408,0.7741724058429105,0.9582202949742876,0.43214897493043203,0.330402494855256,0.9534056079544502,0.9582202949742876,0.9582202949742876,0.2593401029418311
1409,0.7323927008171981,0.9164405899485752,0.39036926990471965,0.28862278982954365,0.9116259029287378,0.9164405899485752,0.9164405899485752,0.2175603979161187
1410,0.6906129957914857,0.8746608849228629,0.3485895648790073,0.24684308480383127,0.8698461979030254,0.8746608849228629,0.8746608849228629,0.17578069289040632
1411,0.6488332907657733,0.8328811798971505,0.3068098598532949,0.2050633797781189,0.828066492877313,0.8328811798971505,0.8328811798971505,0.13400098786469394
1412,0.607053585740061,0.7911014748714381,0.2650301548275825,0.16328367475240652,0.7862867878516007,0.7911014748714381,0.7911014748714381,0.09222128283898158
1413,0.5652738807143486,0.7493217698457257,0.22325044980187014,0.12150396972669415,0.7445070828258883,0.7493217698457257,0.7493217698457257,0.05044157781326922
1414,0.5234941756886362,0.7075420648200134,0.18147074477615777,0.07972426470098179,0.7027273778001759,0.7075420648200134,0.7075420648200134,0.008661872787556854
1415,0.48171447066292383,0.665762359794301,0.1396910397504454,0.037944559675269426,0.6609476727744635,0.665762359794301,0.665762359794301,-0.03311783223815551
1416,0.9604643036511461,0.5750130943215572,0.07275873565651926,0.20824693500483282,0.8807582285835865,1.0,0.9300188022711757,0.9668821677618444
1417,1.0,0.48426382884881347,0.005826431562593132,0.3785493103343962,1.0,1.0,1.0,1.0
1418,0.9582202949742876,0.4424841238231011,-0.03595327346311923,0.33676960530868383,0.9582202949742876,0.9582202949742876,0.9582202949742876,0.9582202949742876
1419,1.0,0.49433651046290106,0.9640467265368807,0.5016865238305553,1.0,0.9960567587814039,1.0,0.8912879908803615
1420,1.0,0.546188897102701,1.0,0.6666034423524269,1.0,1.0,1.0,0.8243556867864353
1421,0.9582202949742876,0.5044091920769886,0.9582202949742876,0.6248237373267145,0.9582202949742876,0.9582202949742876,0.9582202949742876,0.782575981760723
1422,0.9164405899485752,0.46262948705127627,0.9164405899485752,0.5830440323010021,0.9164405899485752,0.9164405899485752,0.9164405899485752,0.7407962767350106
1423,0.8746608849228629,0.4208497820255639,0.8746608849228629,0.5412643272752897,0.8746608849228629,0.8746608849228629,0.8746608849228629,0.6990165717092982
1424,0.8328811798971505,0.3790700769998515,0.8328811798971505,0.49948462224957735,0.8328811798971505,0.8328811798971505,0.8328811798971505,0.6572368666835858
1425,0.7911014748714381,0.33729037197413914,0.7911014748714381,0.45770491722386497,0.7911014748714381,0.7911014748714381,0.7911014748714381,0.6154571616578735
1426,0.7493217698457257,0.29551066694842676,0.7493217698457257,0.4159252121981526,0.7493217698457257,0.7493217698457257,0.7493217698457257,0.5736774566321611
1427,0.7075420648200134,0.2537309619227144,0.7075420648200134,0.3741455071724402,0.7075420648200134,0.7075420648200134,0.7075420648200134,0.5318977516064487
1428,0.665762359794301,0.211951256897002,0.665762359794301,0.33236580214672784,0.665762359794301,0.665762359794301,0.665762359794301,0.4901180465807363
1429,0.6239826547685886,0.17017155187128963,0.6239826547685886,0.29058609712101546,0.6239826547685886,0.6239826547685886,0.6239826547685886,0.44833834155502394
1430,0.5822029497428762,0.12839184684557725,0.5822029497428762,0.24880639209530309,0.5822029497428762,0.5822029497428762,0.5822029497428762,0.40655863652931157
1431,0.5404232447171639,0.08661214181986489,0.5404232447171639,0.2070266870695907,0.5404232447171639,0.5404232447171639,0.5404232447171639,0.3647789315035992
1432,0.4986435396914515,0.044832436794152525,0.4986435396914515,0.16524698204387833,0.4986435396914515,0.4986435396914515,0.4986435396914515,0.3229992264778868
1433,0.4568638346657391,0.0030527317684401617,0.4568638346657391,0.12346727701816597,0.4568638346657391,0.4568638346657391,0.4568638346657391,0.28121952145217444
1434,0.4150841296400267,-0.0387269732572722,0.4150841296400267,0.0816875719924536,0.4150841296400267,0.4150841296400267,0.4150841296400267,0.23943981642646206
1435,0.34395003758719433,0.9612730267427279,0.4669365162798267,-0.21133147555420595,0.43356663864296413,0.5970508493002495,0.6317827852426989,0.1486905509537183
1436,0.27281594553436195,1.0,0.5187889029196266,-0.5043505231008655,0.45204914764590154,0.7790175689604724,0.8484814408453711,0.05794128548097453
1437,0.6149941406678899,0.7069809524533405,0.683705821441498,0.4956494768991345,0.787119140685689,1.0,0.9632921490706411,0.22824366081053793
1438,0.9571723358014178,0.4139619049066809,0.8486227399633696,1.0,1.0,1.0,1.0,0.3985460361401013
1439,0.9153926307757054,0.3721821998809685,0.8068430349376572,0.9582202949742876,0.9582202949742876,0.9582202949742876,0.9582202949742876,0.35676633111438893
1440,0.873612925749993,0.33040249485525613,0.7650633299119448,0.9164405899485752,0.9164405899485752,0.9164405899485752,0.9164405899485752,0.31498662608867656
1441,0.8318332207242807,0.28862278982954376,0.7232836248862324,0.8746608849228629,0.8746608849228629,0.8746608849228629,0.8746608849228629,0.2732069210629642
1442,0.7900535156985683,0.24684308480383138,0.6815039198605201,0.8328811798971505,0.8328811798971505,0.8328811798971505,0.8328811798971505,0.2314272160372518
1443,0.7482738106728559,0.205063379778119,0.6397242148348077,0.7911014748714381,0.7911014748714381,0.7911014748714381,0.7911014748714381,0.18964751101153943
1444,0.7064941056471435,0.16328367475240663,0.5979445098090953,0.7493217698457257,0.7493217698457257,0.7493217698457257,0.7493217698457257,0.14786780598582705
1445,0.6647144006214312,0.12150396972669426,0.5561648047833829,0.7075420648200134,0.7075420648200134,0.7075420648200134,0.7075420648200134,0.10608810096011469
1446,0.6229346955957188,0.0797242647009819,0.5143850997576705,0.665762359794301,0.665762359794301,0.665762359794301,0.665762359794301,0.06430839593440232
1447,0.5811549905700064,0.03794455967526954,0.4726053947319582,0.6239826547685886,0.6239826547685886,0.6239826547685886,0.6239826547685886,0.02252869090868996
1448,0.539375285544294,-0.0038351453504428257,0.4308256897062458,0.5822029497428762,0.5822029497428762,0.5822029497428762,0.5822029497428762,-0.019251014117022403
1449,1.0,-0.0945844108231866,0.36389338561231965,0.7525053250724396,0.8020135055519992,1.0,0.846459392219751,0.9807489858829777
1450,1.0,-0.1853336762959304,0.2969610815183935,0.922807700402003,1.0,1.0,1.0,1.0
1451,0.9288659079471676,0.8146663237040697,0.34881346815819353,0.6297886528553435,1.0,1.0,1.0,0.9092507345272562
1452,0.8577318158943352,1.0,0.40066585479799355,0.3367696053086839,1.0,1.0,1.0,0.8185014690545125
1453,0.8159521108686228,0.9582202949742876,0.35888614977228117,0.2949899002829715,0.9582202949742876,0.9582202949742876,0.9582202949742876,0.7767217640288001
1454,0.7741724058429105,0.9164405899485752,0.3171064447465688,0.25321019525725913,0.9164405899485752,0.9164405899485752,0.9164405899485752,0.7349420590030877
1455,0.7323927008171981,0.8746608849228629,0.2753267397208564,0.21143049023154675,0.8746608849228629,0.8746608849228629,0.8746608849228629,0.6931623539773754
1456,0.6906129957914857,0.8328811798971505,0.23354703469514404,0.16965078520583438,0.8328811798971505,0.8328811798971505,0.8328811798971505,0.651382648951663
1457,0.6488332907657733,0.7911014748714381,0.19176732966943166,0.127871080180122,0.7911014748714381,0.7911014748714381,0.7911014748714381,0.6096029439259506
1458,0.607053585740061,0.7493217698457257,0.1499876246437193,0.08609137515440964,0.7493217698457257,0.7493217698457257,0.7493217698457257,0.5678232389002382
1459,0.5652738807143486,0.7075420648200134,0.10820791961800692,0.04431167012869727,0.7075420648200134,0.7075420648200134,0.7075420648200134,0.5260435338745258
1460,0.5234941756886362,0.665762359794301,0.06642821459229456,0.0025319651029849094,0.665762359794301,0.665762359794301,0.665762359794301,0.48426382884881347
1461,0.48171447066292383,0.6239826547685886,0.024648509566582197,-0.039247739922727454,0.6239826547685886,0.6239826547685886,0.6239826547685886,0.4424841238231011
1462,0.8238926657964517,0.330963607221929,0.18956542808845367,0.9607522600772725,0.9590526478083762,0.9225522928093118,0.7387933629938584,0.6127864991526645
1463,1.0,0.037944559675269454,0.3544823466103251,1.0,1.0,1.0,0.8536040712191283,0.7830888744822279
1464,0.9582202949742876,-0.003835145350442909,0.31270264158461275,0.9582202949742876,0.9582202949742876,0.9582202949742876,0.8118243661934159,0.7413091694565155
1465,0.8870862029214552,0.9961648546495571,0.36455502822441277,0.665201247427628,0.9767028039772251,1.0,1.0,0.6505599039837717
1466,0.8159521108686228,1.0,0.4164074148642128,0.3721821998809684,0.9951853129801626,1.0,1.0,0.559810638511028
1467,0.7741724058429105,0.9582202949742876,0.3746277098385004,0.330402494855256,0.9534056079544502,0.9582202949742876,0.9582202949742876,0.5180309334853156
1468,0.7323927008171981,0.9164405899485752,0.33284800481278803,0.28862278982954365,0.9116259029287378,0.9164405899485752,0.9164405899485752,0.4762512284596032
1469,0.6906129957914857,0.8746608849228629,0.29106829978707566,0.24684308480383127,0.8698461979030254,0.8746608849228629,0.8746608849228629,0.43447152343389084
1470,0.6488332907657733,0.8328811798971505,0.24928859476136328,0.2050633797781189,0.828066492877313,0.8328811798971505,0.8328811798971505,0.39269181840817846
1471,0.607053585740061,0.7911014748714381,0.2075088897356509,0.16328367475240652,0.7862867878516007,0.7911014748714381,0.7911014748714381,0.3509121133824661
1472,0.5652738807143486,0.7493217698457257,0.16572918470993853,0.12150396972669415,0.7445070828258883,0.7493217698457257,0.7493217698457257,0.3091324083567537
1473,0.5234941756886362,0.7075420648200134,0.12394947968422616,0.07972426470098179,0.7027273778001759,0.7075420648200134,0.7075420648200134,0.26735270333104133
1474,0.48171447066292383,0.665762359794301,0.0821697746585138,0.037944559675269426,0.6609476727744635,0.665762359794301,0.665762359794301,0.22557299830532895
1475,0.43993476563721146,0.6239826547685886,0.04039006963280144,-0.0038351453504429367,0.6191679677487512,0.6239826547685886,0.6239826547685886,0.18379329327961658
1476,0.7821129607707394,0.330963607221929,0.2053069881546729,0.9961648546495571,0.9542379607885386,0.9225522928093118,0.7387933629938584,0.35409566860917996
1477,1.0,0.037944559675269454,0.37022390667654437,1.0,1.0,1.0,0.8536040712191283,0.5243980439387433
1478,0.9582202949742876,-0.003835145350442909,0.328444201650832,0.9582202949742876,0.9582202949742876,0.9582202949742876,0.8118243661934159,0.48261833891303096
1479,0.8870862029214552,0.9961648546495571,0.380296588290632,0.665201247427628,0.9767028039772251,1.0,1.0,0.3918690734402872
1480,0.8159521108686228,1.0,0.43214897493043203,0.3721821998809684,0.9951853129801626,1.0,1.0,0.30111980796754345
1481,0.7741724058429105,0.9582202949742876,0.39036926990471965,0.330402494855256,0.9534056079544502,0.9582202949742876,0.9582202949742876,0.2593401029418311
1482,0.7323927008171981,0.9164405899485752,0.3485895648790073,0.28862278982954365,0.9116259029287378,0.9164405899485752,0.9164405899485752,0.2175603979161187
1483,0.6906129957914857,0.8746608849228629,0.3068098598532949,0.24684308480383127,0.8698461979030254,0.8746608849228629,0.8746608849228629,0.17578069289040632
1484,0.6488332907657733,0.8328811798971505,0.2650301548275825,0.2050633797781189,0.828066492877313,0.8328811798971505,0.8328811798971505,0.13400098786469394
1485,0.607053585740061,0.7911014748714381,0.22325044980187014,0.16328367475240652,0.7862867878516007,0.7911014748714381,0.7911014748714381,0.09222128283898158
1486,0.5652738807143486,0.7493217698457257,0.18147074477615777,0.12150396972669415,0.7445070828258883,0.7493217698457257,0.7493217698457257,0.05044157781326922
1487,0.5234941756886362,0.7075420648200134,0.1396910397504454,0.07972426470098179,0.7027273778001759,0.7075420648200134,0.7075420648200134,0.008661872787556854
1488,0.48171447066292383,0.665762359794301,0.09791133472473303,0.037944559675269426,0.6609476727744635,0.665762359794301,0.665762359794301,-0.03311783223815551
1489,0.9604643036511461,0.5750130943215572,0.030979030630806897,0.20824693500483282,0.8807582285835865,1.0,0.9300188022711757,0.9668821677618444
1490,1.0,0.48426382884881347,-0.03595327346311923,0.3785493103343962,1.0,1.0,1.0,1.0
1491,1.0,0.5361162154886134,0.9640467265368807,0.5434662288562676,1.0,1.0,1.0,0.9330676959060739
1492,1.0,0.5879686021284134,1.0,0.7083831473781391,1.0,1.0,1.0,0.8661353918121477
1493,0.9582202949742876,0.546188897102701,0.9582202949742876,0.6666034423524267,0.9582202949742876,0.9582202949742876,0.9582202949742876,0.8243556867864353
1494,0.9164405899485752,0.5044091920769886,0.9164405899485752,0.6248237373267144,0.9164405899485752,0.9164405899485752,0.9164405899485752,0.782575981760723
1495,0.8746608849228629,0.46262948705127627,0.8746608849228629,0.583044032301002,0.8746608849228629,0.8746608849228629,0.8746608849228629,0.7407962767350106
1496,0.8328811798971505,0.4208497820255639,0.8328811798971505,0.5412643272752896,0.8328811798971505,0.8328811798971505,0.8328811798971505,0.6990165717092982
1497,0.7911014748714381,0.3790700769998515,0.7911014748714381,0.49948462224957724,0.7911014748714381,0.7911014748714381,0.7911014748714381,0.6572368666835858
1498,0.7493217698457257,0.33729037197413914,0.7493217698457257,0.45770491722386486,0.7493217698457257,0.7493217698457257,0.7493217698457257,0.6154571616578735
1499,0.7075420648200134,0.29551066694842676,0.7075420648200134,0.4159252121981525,0.7075420648200134,0.7075420648200134,0.7075420648200134,0.5736774566321611
1500,0.665762359794301,0.2537309619227144,0.665762359794301,0.3741455071724401,0.665762359794301,0.665762359794301,0.665762359794301,0.5318977516064487
1501,0.6239826547685886,0.211951256897002,0.6239826547685886,0.33236580214672773,0.6239826547685886,0.6239826547685886,0.6239826547685886,0.4901180465807363
1502,0.5822029497428762,0.17017155187128963,0.5822029497428762,0.29058609712101535,0.5822029497428762,0.5822029497428762,0.5822029497428762,0.44833834155502394
1503,0.5404232447171639,0.12839184684557725,0.5404232447171639,0.24880639209530298,0.5404232447171639,0.5404232447171639,0.5404232447171639,0.40655863652931157
1504,0.4986435396914515,0.08661214181986489,0.4986435396914515,0.2070266870695906,0.4986435396914515,0.4986435396914515,0.4986435396914515,0.3647789315035992
1505,0.4568638346657391,0.044832436794152525,0.4568638346657391,0.16524698204387822,0.4568638346657391,0.4568638346657391,0.4568638346657391,0.3229992264778868
1506,0.4150841296400267,0.0030527317684401617,0.4150841296400267,0.12346727701816586,0.4150841296400267,0.4150841296400267,0.4150841296400267,0.28121952145217444
1507,0.37330442461431435,-0.0387269732572722,0.37330442461431435,0.0816875719924535,0.37330442461431435,0.37330442461431435,0.37330442461431435,0.23943981642646206
1508,0.30217033256148196,0.9612730267427279,0.42515681125411436,-0.21133147555420606,0.39178693361725175,0.5552711442745372,0.5900030802169866,0.1486905509537183
1509,0.23103624050864957,1.0,0.4770091978939144,-0.5043505231008656,0.41026944262018916,0.73723786393476,0.8067017358196588,0.05794128548097453
1510,0.5732144356421774,0.7069809524533405,0.6419261164157858,0.4956494768991344,0.7453394356599766,1.0,0.9215124440449286,0.22824366081053793
1511,0.9153926307757053,0.4139619049066809,0.8068430349376573,1.0,1.0,1.0,1.0,0.3985460361401013
1512,0.8736129257499929,0.3721821998809685,0.7650633299119449,0.9582202949742876,0.9582202949742876,0.9582202949742876,0.9582202949742876,0.35676633111438893
1513,0.8318332207242806,0.33040249485525613,0.7232836248862325,0.9164405899485752,0.9164405899485752,0.9164405899485752,0.9164405899485752,0.31498662608867656
1514,0.7900535156985682,0.28862278982954376,0.6815039198605202,0.8746608849228629,0.8746608849228629,0.8746608849228629,0.8746608849228629,0.2732069210629642
1515,0.7482738106728558,0.24684308480383138,0.6397242148348078,0.8328811798971505,0.8328811798971505,0.8328811798971505,0.8328811798971505,0.2314272160372518
1516,0.7064941056471434,0.205063379778119,0.5979445098090954,0.7911014748714381,0.7911014748714381,0.7911014748714381,0.7911014748714381,0.18964751101153943
1517,0.6647144006214311,0.16328367475240663,0.556164804783383,0.7493217698457257,0.7493217698457257,0.7493217698457257,0.7493217698457257,0.14786780598582705
1518,0.6229346955957187,0.12150396972669426,0.5143850997576707,0.7075420648200134,0.7075420648200134,0.7075420648200134,0.7075420648200134,0.10608810096011469
1519,0.5811549905700063,0.0797242647009819,0.4726053947319583,0.665762359794301,0.665762359794301,0.665762359794301,0.665762359794301,0.06430839593440232
1520,0.5393752855442939,0.03794455967526954,0.4308256897062459,0.6239826547685886,0.6239826547685886,0.6239826547685886,0.6239826547685886,0.02252869090868996
1521,0.49759558051858155,-0.0038351453504428257,0.38904598468053353,0.5822029497428762,0.5822029497428762,0.5822029497428762,0.5822029497428762,-0.019251014117022403
1522,0.9763454135068038,-0.0945844108231866,0.3221136805866074,0.7525053250724396,0.8020135055519992,1.0,0.846459392219751,0.9807489858829777
1523,1.0,-0.1853336762959304,0.25518137649268124,0.922807700402003,1.0,1.0,1.0,1.0
1524,0.9288659079471676,0.8146663237040697,0.30703376313248126,0.6297886528553435,1.0,1.0,1.0,0.9092507345272562
1525,0.8577318158943352,1.0,0.3588861497722813,0.3367696053086839,1.0,1.0,1.0,0.8185014690545125
1526,0.8159521108686228,0.9582202949742876,0.3171064447465689,0.2949899002829715,0.9582202949742876,0.9582202949742876,0.9582202949742876,0.7767217640288001
1527,0.7741724058429105,0.9164405899485752,0.27532673972085653,0.25321019525725913,0.9164405899485752,0.9164405899485752,0.9164405899485752,0.7349420590030877
1528,0.7323927008171981,0.8746608849228629,0.23354703469514415,0.21143049023154675,0.8746608849228629,0.8746608849228629,0.8746608849228629,0.6931623539773754
1529,0.6906129957914857,0.8328811798971505,0.19176732966943177,0.16965078520583438,0.8328811798971505,0.8328811798971505,0.8328811798971505,0.651382648951663
1530,0.6488332907657733,0.7911014748714381,0.1499876246437194,0.127871080180122,0.7911014748714381,0.7911014748714381,0.7911014748714381,0.6096029439259506
1531,0.607053585740061,0.7493217698457257,0.10820791961800703,0.08609137515440964,0.7493217698457257,0.7493217698457257,0.7493217698457257,0.5678232389002382
1532,0.5652738807143486,0.7075420648200134,0.06642821459229467,0.04431167012869727,0.7075420648200134,0.7075420648200134,0.7075420648200134,0.5260435338745258
1533,0.5234941756886362,0.665762359794301,0.024648509566582308,0.0025319651029849094,0.665762359794301,0.665762359794301,0.665762359794301,0.48426382884881347
1534,0.48171447066292383,0.6239826547685886,-0.017131195459130055,-0.039247739922727454,0.6239826547685886,0.6239826547685886,0.6239826547685886,0.4424841238231011
1535,0.710317899498059,0.6758350414083886,0.98286880454087,0.125669178599144,1.0,0.661819118575705,0.8099997586552096,0.37555181972917495
1536,0.9389213283331942,0.7276874280481885,1.0,0.29058609712101546,1.0,0.6996555823828213,0.9960168625418305,0.3086195156352488
1537,0.8971416233074818,0.6859077230224762,0.9582202949742876,0.24880639209530309,0.9582202949742876,0.657875877357109,0.9542371575161182,0.26683981060953643
1538,0.8553619182817694,0.6441280179967638,0.9164405899485752,0.2070266870695907,0.9164405899485752,0.6160961723313966,0.9124574524904058,0.22506010558382405
1539,0.8135822132560571,0.6023483129710514,0.8746608849228629,0.16524698204387833,0.8746608849228629,0.5743164673056842,0.8706777474646934,0.18328040055811168
1540,0.7718025082303447,0.560568607945339,0.8328811798971505,0.12346727701816597,0.8328811798971505,0.5325367622799718,0.828898042438981,0.1415006955323993
1541,0.7300228032046323,0.5187889029196266,0.7911014748714381,0.0816875719924536,0.7911014748714381,0.49075705725425944,0.7871183374132686,0.09972099050668694
1542,0.6882430981789199,0.47700919789391427,0.7493217698457257,0.03990786696674124,0.7493217698457257,0.44897735222854707,0.7453386323875563,0.057941285480974575
1543,0.6464633931532076,0.4352294928682019,0.7075420648200134,-0.0018718380589711203,0.7075420648200134,0.4071976472028347,0.7035589273618439,0.01616158045526221
1544,0.9886415882867355,0.1422104453215423,0.8724589833418849,0.9981281619410289,1.0,0.7057672852435578,0.8183696355871138,0.1864639557848256
1545,1.0,-0.15080860222511727,1.0,1.0,1.0,1.0,0.9331803438123837,0.356766331114389
1546,0.9288659079471676,0.8491913977748827,1.0,0.7069809524533405,1.0,1.0,1.0,0.2660170656416452
1547,0.8577318158943352,1.0,1.0,0.4139619049066809,1.0,1.0,1.0,0.17526780016890142
1548,0.8159521108686228,0.9582202949742876,0.9582202949742876,0.3721821998809685,0.9582202949742876,0.9582202949742876,0.9582202949742876,0.13348809514318905
1549,0.7741724058429105,0.9164405899485752,0.9164405899485752,0.33040249485525613,0.9164405899485752,0.9164405899485752,0.9164405899485752,0.09170839011747668
1550,0.7323927008171981,0.8746608849228629,0.8746608849228629,0.28862278982954376,0.8746608849228629,0.8746608849228629,0.8746608849228629,0.04992868509176432
1551,0.6906129957914857,0.8328811798971505,0.8328811798971505,0.24684308480383138,0.8328811798971505,0.8328811798971505,0.8328811798971505,0.008148980066051956
1552,0.6488332907657733,0.7911014748714381,0.7911014748714381,0.205063379778119,0.7911014748714381,0.7911014748714381,0.7911014748714381,-0.03363072495966041
1553,1.0,0.7003522093986944,0.724169170777512,0.3753657551076824,1.0,1.0,1.0,0.9663692750403396
1554,1.0,0.6096029439259506,0.6572368666835858,0.5456681304372458,1.0,1.0,1.0,1.0
1555,0.9582202949742876,0.5678232389002382,0.6154571616578735,0.5038884254115334,0.9582202949742876,0.9582202949742876,0.9582202949742876,0.9582202949742876
1556,0.9164405899485752,0.5260435338745258,0.5736774566321611,0.46210872038582107,0.9164405899485752,0.9164405899485752,0.9164405899485752,0.9164405899485752
1557,0.8746608849228629,0.48426382884881347,0.5318977516064487,0.4203290153601087,0.8746608849228629,0.8746608849228629,0.8746608849228629,0.8746608849228629
1558,0.8328811798971505,0.4424841238231011,0.4901180465807363,0.3785493103343963,0.8328811798971505,0.8328811798971505,0.8328811798971505,0.8328811798971505
1559,0.7911014748714381,0.4007044187973887,0.44833834155502394,0.33676960530868394,0.7911014748714381,0.7911014748714381,0.7911014748714381,0.7911014748714381
1560,0.7493217698457257,0.35892471377167634,0.40655863652931157,0.29498990028297156,0.7493217698457257,0.7493217698457257,0.7493217698457257,0.7493217698457257
1561,0.7075420648200134,0.31714500874596396,0.3647789315035992,0.2532101952572592,0.7075420648200134,0.7075420648200134,0.7075420648200134,0.7075420648200134
1562,0.665762359794301,0.2753653037202516,0.3229992264778868,0.2114304902315468,0.665762359794301,0.665762359794301,0.665762359794301,0.665762359794301
1563,0.6239826547685886,0.2335855986945392,0.28121952145217444,0.16965078520583443,0.6239826547685886,0.6239826547685886,0.6239826547685886,0.6239826547685886
1564,0.5822029497428762,0.19180589366882683,0.23943981642646206,0.12787108018012205,0.5822029497428762,0.5822029497428762,0.5822029497428762,0.5822029497428762
1565,0.5404232447171639,0.15002618864311446,0.19766011140074968,0.08609137515440969,0.5404232447171639,0.5404232447171639,0.5404232447171639,0.5404232447171639
1566,0.4986435396914515,0.10824648361740209,0.1558804063750373,0.04431167012869733,0.4986435396914515,0.4986435396914515,0.4986435396914515,0.4986435396914515
1567,0.4568638346657391,0.06646677859168973,0.11410070134932494,0.002531965102984965,0.4568638346657391,0.4568638346657391,0.4568638346657391,0.4568638346657391
1568,0.4150841296400267,0.024687073565977366,0.07232099632361258,-0.0392477399227274,0.4150841296400267,0.4150841296400267,0.4150841296400267,0.4150841296400267
1569,0.7572623247735547,-0.2683319739806822,0.23723791484548407,0.9607522600772727,0.7501541226798142,0.7136537676807498,0.5298948378652967,0.5853865049695901
1570,1.0,-0.5613510215273417,0.4021548333673555,1.0,1.0,1.0,0.6447055460905665,0.7556888802991535
1571,0.9288659079471676,0.43864897847265827,0.45400722000715554,0.7069809524533405,1.0,1.0,0.8614042016932387,0.6649396148264097
1572,0.8577318158943352,1.0,0.5058596066469555,0.4139619049066809,1.0,1.0,1.0,0.574190349353666
1573,0.8159521108686228,0.9582202949742876,0.46407990162124313,0.3721821998809685,0.9582202949742876,0.9582202949742876,0.9582202949742876,0.5324106443279536
1574,0.7741724058429105,0.9164405899485752,0.42230019659553075,0.33040249485525613,0.9164405899485752,0.9164405899485752,0.9164405899485752,0.4906309393022412
1575,0.7323927008171981,0.8746608849228629,0.3805204915698184,0.28862278982954376,0.8746608849228629,0.8746608849228629,0.8746608849228629,0.44885123427652884
1576,0.6906129957914857,0.8328811798971505,0.338740786544106,0.24684308480383138,0.8328811798971505,0.8328811798971505,0.8328811798971505,0.40707152925081647
1577,0.6488332907657733,0.7911014748714381,0.2969610815183936,0.205063379778119,0.7911014748714381,0.7911014748714381,0.7911014748714381,0.3652918242251041
1578,0.607053585740061,0.7493217698457257,0.25518137649268124,0.16328367475240663,0.7493217698457257,0.7493217698457257,0.7493217698457257,0.3235121191993917
1579,0.5652738807143486,0.7075420648200134,0.21340167146696887,0.12150396972669426,0.7075420648200134,0.7075420648200134,0.7075420648200134,0.28173241417367934
1580,0.5234941756886362,0.665762359794301,0.1716219664412565,0.0797242647009819,0.665762359794301,0.665762359794301,0.665762359794301,0.23995270914796696
1581,0.48171447066292383,0.6239826547685886,0.1298422614155441,0.03794455967526954,0.6239826547685886,0.6239826547685886,0.6239826547685886,0.19817300412225458
1582,0.43993476563721146,0.5822029497428762,0.08806255638983175,-0.0038351453504428257,0.5822029497428762,0.5822029497428762,0.5822029497428762,0.1563932990965422
1583,0.7821129607707394,0.28918390219621665,0.2529794749117032,0.9961648546495572,0.9172729427826637,0.8807725877835993,0.6970136579681462,0.3266956744261056
1584,1.0,-0.003835145350442923,0.41789639343357465,1.0,1.0,1.0,0.811824366193416,0.49699804975566897
1585,0.9288659079471676,0.9961648546495571,0.4697487800733746,0.7069809524533405,1.0,1.0,1.0,0.4062487842829252
1586,0.8577318158943352,1.0,0.5216011667131746,0.4139619049066809,1.0,1.0,1.0,0.31549951881018146
1587,0.8159521108686228,0.9582202949742876,0.4798214616874622,0.3721821998809685,0.9582202949742876,0.9582202949742876,0.9582202949742876,0.2737198137844691
1588,0.7741724058429105,0.9164405899485752,0.4380417566617498,0.33040249485525613,0.9164405899485752,0.9164405899485752,0.9164405899485752,0.2319401087587567
1589,0.7323927008171981,0.8746608849228629,0.39626205163603745,0.28862278982954376,0.8746608849228629,0.8746608849228629,0.8746608849228629,0.19016040373304433
1590,0.6906129957914857,0.8328811798971505,0.35448234661032507,0.24684308480383138,0.8328811798971505,0.8328811798971505,0.8328811798971505,0.14838069870733195
1591,0.6488332907657733,0.7911014748714381,0.3127026415846127,0.205063379778119,0.7911014748714381,0.7911014748714381,0.7911014748714381,0.10660099368161959
1592,0.607053585740061,0.7493217698457257,0.2709229365589003,0.16328367475240663,0.7493217698457257,0.7493217698457257,0.7493217698457257,0.06482128865590722
1593,0.5652738807143486,0.7075420648200134,0.22914323153318794,0.12150396972669426,0.7075420648200134,0.7075420648200134,0.7075420648200134,0.02304158363019486
1594,0.5234941756886362,0.665762359794301,0.18736352650747556,0.0797242647009819,0.665762359794301,0.665762359794301,0.665762359794301,-0.018738121395517504
1595,1.0,0.5750130943215572,0.12043122241354944,0.2500266400305453,0.885572915603424,1.0,0.9300188022711757,0.9812618786044824
1596,1.0,0.48426382884881347,0.053498918319623306,0.4203290153601087,1.0,1.0,1.0,1.0
1597,0.9582202949742876,0.4424841238231011,0.011719213293910943,0.3785493103343963,0.9582202949742876,0.9582202949742876,0.9582202949742876,0.9582202949742876
1598,0.9164405899485752,0.4007044187973887,-0.03006049173180142,0.33676960530868394,0.9164405899485752,0.9164405899485752,0.9164405899485752,0.9164405899485752
1599,1.0,0.45255680543718874,0.9699395082681985,0.5016865238305553,1.0,0.9542770537556916,1.0,0.8495082858546491
1600,1.0,0.5044091920769888,1.0,0.6666034423524269,1.0,0.9921135175628081,1.0,0.782575981760723
1601,0.9582202949742876,0.4626294870512764,0.9582202949742876,0.6248237373267145,0.9582202949742876,0.9503338125370957,0.9582202949742876,0.7407962767350106
1602,0.9164405899485752,0.420849782025564,0.9164405899485752,0.5830440323010021,0.9164405899485752,0.9085541075113833,0.9164405899485752,0.6990165717092982
1603,0.8746608849228629,0.3790700769998516,0.8746608849228629,0.5412643272752897,0.8746608849228629,0.866774402485671,0.8746608849228629,0.6572368666835858
1604,0.8328811798971505,0.33729037197413925,0.8328811798971505,0.49948462224957735,0.8328811798971505,0.8249946974599586,0.8328811798971505,0.6154571616578735
1605,0.7911014748714381,0.29551066694842687,0.7911014748714381,0.45770491722386497,0.7911014748714381,0.7832149924342462,0.7911014748714381,0.5736774566321611
1606,0.7493217698457257,0.2537309619227145,0.7493217698457257,0.4159252121981526,0.7493217698457257,0.7414352874085338,0.7493217698457257,0.5318977516064487
1607,0.7075420648200134,0.21195125689700212,0.7075420648200134,0.3741455071724402,0.7075420648200134,0.6996555823828214,0.7075420648200134,0.4901180465807363
1608,0.665762359794301,0.17017155187128974,0.665762359794301,0.33236580214672784,0.665762359794301,0.6578758773571091,0.665762359794301,0.44833834155502394
1609,0.6239826547685886,0.12839184684557736,0.6239826547685886,0.29058609712101546,0.6239826547685886,0.6160961723313967,0.6239826547685886,0.40655863652931157
1610,0.5822029497428762,0.086612141819865,0.5822029497428762,0.24880639209530309,0.5822029497428762,0.5743164673056843,0.5822029497428762,0.3647789315035992
1611,0.5404232447171639,0.044832436794152636,0.5404232447171639,0.2070266870695907,0.5404232447171639,0.5325367622799719,0.5404232447171639,0.3229992264778868
1612,0.4986435396914515,0.0030527317684402727,0.4986435396914515,0.16524698204387833,0.4986435396914515,0.49075705725425955,0.4986435396914515,0.28121952145217444
1613,0.4568638346657391,-0.03872697325727209,0.4568638346657391,0.12346727701816597,0.4568638346657391,0.4489773522285472,0.4568638346657391,0.23943981642646206
1614,0.3857297426129067,0.9612730267427279,0.5087162213055391,-0.16955177052849363,0.47534634366867656,0.63094407188877,0.6735624902684113,0.1486905509537183
1615,0.3145956505600743,1.0,0.560568607945339,-0.4625708180751532,0.493828852671614,0.8129107915489928,0.8902611458710835,0.05794128548097453
1616,0.6567738456936022,0.7069809524533405,0.7254855264672105,0.5374291819248468,0.8288988457114015,1.0,1.0,0.22824366081053793
1617,0.9989520408271301,0.4139619049066809,0.890402444989082,1.0,1.0,1.0,1.0,0.3985460361401013
1618,0.9571723358014177,0.3721821998809685,0.8486227399633697,0.9582202949742876,0.9582202949742876,0.9582202949742876,0.9582202949742876,0.35676633111438893
1619,0.9153926307757053,0.33040249485525613,0.8068430349376573,0.9164405899485752,0.9164405899485752,0.9164405899485752,0.9164405899485752,0.31498662608867656
1620,0.8736129257499929,0.28862278982954376,0.7650633299119449,0.8746608849228629,0.8746608849228629,0.8746608849228629,0.8746608849228629,0.2732069210629642
1621,0.8318332207242806,0.24684308480383138,0.7232836248862325,0.8328811798971505,0.8328811798971505,0.8328811798971505,0.8328811798971505,0.2314272160372518
1622,0.7900535156985682,0.205063379778119,0.6815039198605202,0.7911014748714381,0.7911014748714381,0.7911014748714381,0.7911014748714381,0.18964751101153943
1623,0.7482738106728558,0.16328367475240663,0.6397242148348078,0.7493217698457257,0.7493217698457257,0.7493217698457257,0.7493217698457257,0.14786780598582705
1624,0.7064941056471434,0.12150396972669426,0.5979445098090954,0.7075420648200134,0.7075420648200134,0.7075420648200134,0.7075420648200134,0.10608810096011469
1625,0.6647144006214311,0.0797242647009819,0.556164804783383,0.665762359794301,0.665762359794301,0.665762359794301,0.665762359794301,0.06430839593440232
1626,0.6229346955957187,0.03794455967526954,0.5143850997576707,0.6239826547685886,0.6239826547685886,0.6239826547685886,0.6239826547685886,0.02252869090868996
1627,0.5811549905700063,-0.0038351453504428257,0.4726053947319583,0.5822029497428762,0.5822029497428762,0.5822029497428762,0.5822029497428762,-0.019251014117022403
1628,1.0,-0.0945844108231866,0.40567309063803214,0.7525053250724396,0.8020135055519992,1.0,0.846459392219751,0.9807489858829777
1629,1.0,-0.1853336762959304,0.338740786544106,0.922807700402003,1.0,1.0,1.0,1.0
1630,0.9288659079471676,0.8146663237040697,0.390593173183906,0.6297886528553435,1.0,1.0,1.0,0.9092507345272562
1631,0.8577318158943352,1.0,0.44244555982370604,0.3367696053086839,1.0,1.0,1.0,0.8185014690545125
1632,0.8159521108686228,0.9582202949742876,0.40066585479799366,0.2949899002829715,0.9582202949742876,0.9582202949742876,0.9582202949742876,0.7767217640288001
1633,0.7741724058429105,0.9164405899485752,0.3588861497722813,0.25321019525725913,0.9164405899485752,0.9164405899485752,0.9164405899485752,0.7349420590030877
1634,0.7323927008171981,0.8746608849228629,0.3171064447465689,0.21143049023154675,0.8746608849228629,0.8746608849228629,0.8746608849228629,0.6931623539773754
1635,0.6906129957914857,0.8328811798971505,0.27532673972085653,0.16965078520583438,0.8328811798971505,0.8328811798971505,0.8328811798971505,0.651382648951663
1636,0.6488332907657733,0.7911014748714381,0.23354703469514415,0.127871080180122,0.7911014748714381,0.7911014748714381,0.7911014748714381,0.6096029439259506
1637,0.607053585740061,0.7493217698457257,0.19176732966943177,0.08609137515440964,0.7493217698457257,0.7493217698457257,0.7493217698457257,0.5678232389002382
1638,0.5652738807143486,0.7075420648200134,0.1499876246437194,0.04431167012869727,0.7075420648200134,0.7075420648200134,0.7075420648200134,0.5260435338745258
1639,0.5234941756886362,0.665762359794301,0.10820791961800703,0.0025319651029849094,0.665762359794301,0.665762359794301,0.665762359794301,0.48426382884881347
1640,0.48171447066292383,0.6239826547685886,0.06642821459229467,-0.039247739922727454,0.6239826547685886,0.6239826547685886,0.6239826547685886,0.4424841238231011
1641,0.8238926657964517,0.330963607221929,0.23134513311416616,0.9607522600772725,0.9590526478083762,0.9225522928093118,0.7387933629938584,0.6127864991526645
1642,1.0,0.037944559675269454,0.3962620516360376,1.0,1.0,1.0,0.8536040712191283,0.7830888744822279
1643,0.9582202949742876,-0.003835145350442909,0.35448234661032524,0.9582202949742876,0.9582202949742876,0.9582202949742876,0.8118243661934159,0.7413091694565155
1644,0.8870862029214552,0.9961648546495571,0.40633473325012526,0.665201247427628,0.9767028039772251,1.0,1.0,0.6505599039837717
1645,0.8159521108686228,1.0,0.4581871198899253,0.3721821998809684,0.9951853129801626,1.0,1.0,0.559810638511028
1646,0.7741724058429105,0.9582202949742876,0.4164074148642129,0.330402494855256,0.9534056079544502,0.9582202949742876,0.9582202949742876,0.5180309334853156
1647,0.7323927008171981,0.9164405899485752,0.3746277098385005,0.28862278982954365,0.9116259029287378,0.9164405899485752,0.9164405899485752,0.4762512284596032
1648,0.6906129957914857,0.8746608849228629,0.33284800481278815,0.24684308480383127,0.8698461979030254,0.8746608849228629,0.8746608849228629,0.43447152343389084
1649,0.6488332907657733,0.8328811798971505,0.29106829978707577,0.2050633797781189,0.828066492877313,0.8328811798971505,0.8328811798971505,0.39269181840817846
1650,0.607053585740061,0.7911014748714381,0.2492885947613634,0.16328367475240652,0.7862867878516007,0.7911014748714381,0.7911014748714381,0.3509121133824661
1651,0.5652738807143486,0.7493217698457257,0.20750888973565101,0.12150396972669415,0.7445070828258883,0.7493217698457257,0.7493217698457257,0.3091324083567537
1652,0.5234941756886362,0.7075420648200134,0.16572918470993864,0.07972426470098179,0.7027273778001759,0.7075420648200134,0.7075420648200134,0.26735270333104133
1653,0.48171447066292383,0.665762359794301,0.12394947968422627,0.037944559675269426,0.6609476727744635,0.665762359794301,0.665762359794301,0.22557299830532895
1654,0.43993476563721146,0.6239826547685886,0.08216977465851391,-0.0038351453504429367,0.6191679677487512,0.6239826547685886,0.6239826547685886,0.18379329327961658
1655,0.7821129607707394,0.330963607221929,0.24708669318038534,0.9961648546495571,0.9542379607885386,0.9225522928093118,0.7387933629938584,0.35409566860917996
1656,1.0,0.037944559675269454,0.4120036117022568,1.0,1.0,1.0,0.8536040712191283,0.5243980439387433
1657,0.9582202949742876,-0.003835145350442909,0.3702239066765444,0.9582202949742876,0.9582202949742876,0.9582202949742876,0.8118243661934159,0.48261833891303096
1658,0.8870862029214552,0.9961648546495571,0.42207629331634444,0.665201247427628,0.9767028039772251,1.0,1.0,0.3918690734402872
1659,0.8159521108686228,1.0,0.4739286799561444,0.3721821998809684,0.9951853129801626,1.0,1.0,0.30111980796754345
1660,0.7741724058429105,0.9582202949742876,0.43214897493043203,0.330402494855256,0.9534056079544502,0.9582202949742876,0.9582202949742876,0.2593401029418311
1661,0.7323927008171981,0.9164405899485752,0.39036926990471965,0.28862278982954365,0.9116259029287378,0.9164405899485752,0.9164405899485752,0.2175603979161187
1662,0.6906129957914857,0.8746608849228629,0.3485895648790073,0.24684308480383127,0.8698461979030254,0.8746608849228629,0.8746608849228629,0.17578069289040632
1663,0.6488332907657733,0.8328811798971505,0.3068098598532949,0.2050633797781189,0.828066492877313,0.8328811798971505,0.8328811798971505,0.13400098786469394
1664,0.607053585740061,0.7911014748714381,0.2650301548275825,0.16328367475240652,0.7862867878516007,0.7911014748714381,0.7911014748714381,0.09222128283898158
1665,0.5652738807143486,0.7493217698457257,0.22325044980187014,0.12150396972669415,0.7445070828258883,0.7493217698457257,0.7493217698457257,0.05044157781326922
1666,0.5234941756886362,0.7075420648200134,0.18147074477615777,0.07972426470098179,0.7027273778001759,0.7075420648200134,0.7075420648200134,0.008661872787556854
1667,0.48171447066292383,0.665762359794301,0.1396910397504454,0.037944559675269426,0.6609476727744635,0.665762359794301,0.665762359794301,-0.03311783223815551
1668,0.9604643036511461,0.5750130943215572,0.07275873565651926,0.20824693500483282,0.8807582285835865,1.0,0.9300188022711757,0.9668821677618444
1669,1.0,0.48426382884881347,0.005826431562593132,0.3785493103343962,1.0,1.0,1.0,1.0
1670,0.9582202949742876,0.4424841238231011,-0.03595327346311923,0.33676960530868383,0.9582202949742876,0.9582202949742876,0.9582202949742876,0.9582202949742876
1671,1.0,0.49433651046290106,0.9640467265368807,0.5016865238305553,1.0,0.9960567587814039,1.0,0.8912879908803615
1672,1.0,0.546188897102701,1.0,0.6666034423524269,1.0,1.0,1.0,0.8243556867864353
1673,0.9582202949742876,0.5044091920769886,0.9582202949742876,0.6248237373267145,0.9582202949742876,0.9582202949742876,0.9582202949742876,0.782575981760723
1674,0.9164405899485752,0.46262948705127627,0.9164405899485752,0.5830440323010021,0.9164405899485752,0.9164405899485752,0.9164405899485752,0.7407962767350106
1675,0.8746608849228629,0.4208497820255639,0.8746608849228629,0.5412643272752897,0.8746608849228629,0.8746608849228629,0.8746608849228629,0.6990165717092982
1676,0.8328811798971505,0.3790700769998515,0.8328811798971505,0.49948462224957735,0.8328811798971505,0.8328811798971505,0.8328811798971505,0.6572368666835858
1677,0.7911014748714381,0.33729037197413914,0.7911014748714381,0.45770491722386497,0.7911014748714381,0.7911014748714381,0.7911014748714381,0.6154571616578735
1678,0.7493217698457257,0.29551066694842676,0.7493217698457257,0.4159252121981526,0.7493217698457257,0.7493217698457257,0.7493217698457257,0.5736774566321611
1679,0.7075420648200134,0.2537309619227144,0.7075420648200134,0.3741455071724402,0.7075420648200134,0.7075420648200134,0.7075420648200134,0.5318977516064487
1680,0.665762359794301,0.211951256897002,0.665762359794301,0.33236580214672784,0.665762359794301,0.665762359794301,0.665762359794301,0.4901180465807363
1681,0.6239826547685886,0.17017155187128963,0.6239826547685886,0.29058609712101546,0.6239826547685886,0.6239826547685886,0.6239826547685886,0.44833834155502394
1682,0.5822029497428762,0.12839184684557725,0.5822029497428762,0.24880639209530309,0.5822029497428762,0.5822029497428762,0.5822029497428762,0.40655863652931157
1683,0.5404232447171639,0.08661214181986489,0.5404232447171639,0.2070266870695907,0.5404232447171639,0.5404232447171639,0.5404232447171639,0.3647789315035992
1684,0.4986435396914515,0.044832436794152525,0.4986435396914515,0.16524698204387833,0.4986435396914515,0.4986435396914515,0.4986435396914515,0.3229992264778868
1685,0.4568638346657391,0.0030527317684401617,0.4568638346657391,0.12346727701816597,0.4568638346657391,0.4568638346657391,0.4568638346657391,0.28121952145217444
1686,0.4150841296400267,-0.0387269732572722,0.4150841296400267,0.0816875719924536,0.4150841296400267,0.4150841296400267,0.4150841296400267,0.23943981642646206
1687,0.34395003758719433,0.9612730267427279,0.4669365162798267,-0.21133147555420595,0.43356663864296413,0.5970508493002495,0.6317827852426989,0.1486905509537183
1688,0.27281594553436195,1.0,0.5187889029196266,-0.5043505231008655,0.45204914764590154,0.7790175689604724,0.8484814408453711,0.05794128548097453
1689,0.6149941406678899,0.7069809524533405,0.683705821441498,0.4956494768991345,0.787119140685689,1.0,0.9632921490706411,0.22824366081053793
1690,0.9571723358014178,0.4139619049066809,0.8486227399633696,1.0,1.0,1.0,1.0,0.3985460361401013
1691,0.9153926307757054,0.3721821998809685,0.8068430349376572,0.9582202949742876,0.9582202949742876,0.9582202949742876,0.9582202949742876,0.35676633111438893
1692,0.873612925749993,0.33040249485525613,0.7650633299119448,0.9164405899485752,0.9164405899485752,0.9164405899485752,0.9164405899485752,0.31498662608867656
1693,0.8318332207242807,0.28862278982954376,0.7232836248862324,0.8746608849228629,0.8746608849228629,0.8746608849228629,0.8746608849228629,0.2732069210629642
1694,0.7900535156985683,0.24684308480383138,0.6815039198605201,0.8328811798971505,0.8328811798971505,0.8328811798971505,0.8328811798971505,0.2314272160372518
1695,0.7482738106728559,0.205063379778119,0.6397242148348077,0.7911014748714381,0.7911014748714381,0.7911014748714381,0.7911014748714381,0.18964751101153943
1696,0.7064941056471435,0.16328367475240663,0.5979445098090953,0.7493217698457257,0.7493217698457257,0.7493217698457257,0.7493217698457257,0.14786780598582705
1697,0.6647144006214312,0.12150396972669426,0.5561648047833829,0.7075420648200134,0.7075420648200134,0.7075420648200134,0.7075420648200134,0.10608810096011469
1698,0.6229346955957188,0.0797242647009819,0.5143850997576705,0.665762359794301,0.665762359794301,0.665762359794301,0.665762359794301,0.06430839593440232
1699,0.5811549905700064,0.03794455967526954,0.4726053947319582,0.6239826547685886,0.6239826547685886,0.6239826547685886,0.6239826547685886,0.02252869090868996
1700,0.539375285544294,-0.0038351453504428257,0.4308256897062458,0.5822029497428762,0.5822029497428762,0.5822029497428762,0.5822029497428762,-0.019251014117022403
1701,0.46824119349146165,0.9961648546495572,0.48267807634604576,0.28918390219621665,0.6006854587458136,0.764169669403099,0.7989016053455484,-0.11000027958976617
1702,0.39710710143862926,1.0,0.5345304629858457,-0.003835145350442923,0.619167967748751,0.9461363890633219,1.0,-0.20074954506250997
1703,0.8758569344268514,0.9092507345272562,0.4675981588919196,0.16646722997912045,0.8389785235578741,1.0,1.0,0.79925045493749
1704,1.0,0.8185014690545125,0.40066585479799344,0.33676960530868383,1.0,1.0,1.0,1.0
1705,0.9582202949742876,0.7767217640288001,0.35888614977228106,0.29498990028297145,0.9582202949742876,0.9582202949742876,0.9582202949742876,0.9582202949742876
1706,0.9164405899485752,0.7349420590030877,0.3171064447465687,0.2532101952572591,0.9164405899485752,0.9164405899485752,0.9164405899485752,0.9164405899485752
1707,0.8746608849228629,0.6931623539773754,0.2753267397208563,0.2114304902315467,0.8746608849228629,0.8746608849228629,0.8746608849228629,0.8746608849228629
1708,0.8328811798971505,0.651382648951663,0.23354703469514393,0.16965078520583432,0.8328811798971505,0.8328811798971505,0.8328811798971505,0.8328811798971505
1709,0.7911014748714381,0.6096029439259506,0.19176732966943155,0.12787108018012194,0.7911014748714381,0.7911014748714381,0.7911014748714381,0.7911014748714381
1710,0.7493217698457257,0.5678232389002382,0.14998762464371918,0.08609137515440958,0.7493217698457257,0.7493217698457257,0.7493217698457257,0.7493217698457257
1711,0.7075420648200134,0.5260435338745258,0.10820791961800681,0.04431167012869722,0.7075420648200134,0.7075420648200134,0.7075420648200134,0.7075420648200134
1712,0.665762359794301,0.48426382884881347,0.06642821459229445,0.002531965102984854,0.665762359794301,0.665762359794301,0.665762359794301,0.665762359794301
1713,0.6239826547685886,0.4424841238231011,0.024648509566582086,-0.03924773992272751,0.6239826547685886,0.6239826547685886,0.6239826547685886,0.6239826547685886
1714,0.9661608499021165,0.1494650762764415,0.18956542808845356,0.9607522600772724,0.9590526478083762,0.9225522928093118,0.7387933629938584,0.794285030098152
1715,1.0,-0.14355397127021807,0.354482346610325,1.0,1.0,1.0,0.8536040712191283,0.9645874054277154
1716,0.9288659079471676,0.8564460287297819,0.40633473325012504,0.7069809524533405,1.0,1.0,1.0,0.8738381399549716
1717,0.8577318158943352,1.0,0.45818711988992505,0.4139619049066809,1.0,1.0,1.0,0.7830888744822279
1718,0.8159521108686228,0.9582202949742876,0.4164074148642127,0.3721821998809685,0.9582202949742876,0.9582202949742876,0.9582202949742876,0.7413091694565155
1719,0.7741724058429105,0.9164405899485752,0.3746277098385003,0.33040249485525613,0.9164405899485752,0.9164405899485752,0.9164405899485752,0.6995294644308031
1720,0.7323927008171981,0.8746608849228629,0.3328480048127879,0.28862278982954376,0.8746608849228629,0.8746608849228629,0.8746608849228629,0.6577497594050907
1721,0.6906129957914857,0.8328811798971505,0.29106829978707555,0.24684308480383138,0.8328811798971505,0.8328811798971505,0.8328811798971505,0.6159700543793784
1722,0.6488332907657733,0.7911014748714381,0.24928859476136317,0.205063379778119,0.7911014748714381,0.7911014748714381,0.7911014748714381,0.574190349353666
1723,0.607053585740061,0.7493217698457257,0.2075088897356508,0.16328367475240663,0.7493217698457257,0.7493217698457257,0.7493217698457257,0.5324106443279536
1724,0.5652738807143486,0.7075420648200134,0.16572918470993842,0.12150396972669426,0.7075420648200134,0.7075420648200134,0.7075420648200134,0.4906309393022412
1725,0.5234941756886362,0.665762359794301,0.12394947968422605,0.0797242647009819,0.665762359794301,0.665762359794301,0.665762359794301,0.44885123427652884
1726,0.48171447066292383,0.6239826547685886,0.08216977465851369,0.03794455967526954,0.6239826547685886,0.6239826547685886,0.6239826547685886,0.40707152925081647
1727,0.43993476563721146,0.5822029497428762,0.040390069632801326,-0.0038351453504428257,0.5822029497428762,0.5822029497428762,0.5822029497428762,0.3652918242251041
1728,0.7821129607707394,0.28918390219621665,0.2053069881546728,0.9961648546495572,0.9172729427826637,0.8807725877835993,0.6970136579681462,0.5355941995546675
1729,1.0,-0.003835145350442923,0.37022390667654426,1.0,1.0,1.0,0.811824366193416,0.7058965748842309
1730,0.9288659079471676,0.9961648546495571,0.4220762933163443,0.7069809524533405,1.0,1.0,1.0,0.6151473094114871
1731,0.8577318158943352,1.0,0.4739286799561443,0.4139619049066809,1.0,1.0,1.0,0.5243980439387433
1732,0.8159521108686228,0.9582202949742876,0.4321489749304319,0.3721821998809685,0.9582202949742876,0.9582202949742876,0.9582202949742876,0.48261833891303096
1733,0.7741724058429105,0.9164405899485752,0.39036926990471954,0.33040249485525613,0.9164405899485752,0.9164405899485752,0.9164405899485752,0.4408386338873186
1734,0.7323927008171981,0.8746608849228629,0.34858956487900716,0.28862278982954376,0.8746608849228629,0.8746608849228629,0.8746608849228629,0.3990589288616062
1735,0.6906129957914857,0.8328811798971505,0.3068098598532948,0.24684308480383138,0.8328811798971505,0.8328811798971505,0.8328811798971505,0.35727922383589383
1736,0.6488332907657733,0.7911014748714381,0.2650301548275824,0.205063379778119,0.7911014748714381,0.7911014748714381,0.7911014748714381,0.31549951881018146
1737,0.607053585740061,0.7493217698457257,0.22325044980187003,0.16328367475240663,0.7493217698457257,0.7493217698457257,0.7493217698457257,0.2737198137844691
1738,0.5652738807143486,0.7075420648200134,0.18147074477615766,0.12150396972669426,0.7075420648200134,0.7075420648200134,0.7075420648200134,0.2319401087587567
1739,0.5234941756886362,0.665762359794301,0.13969103975044528,0.0797242647009819,0.665762359794301,0.665762359794301,0.665762359794301,0.19016040373304433
1740,0.48171447066292383,0.6239826547685886,0.09791133472473292,0.03794455967526954,0.6239826547685886,0.6239826547685886,0.6239826547685886,0.14838069870733195
1741,0.43993476563721146,0.5822029497428762,0.05613162969902055,-0.0038351453504428257,0.5822029497428762,0.5822029497428762,0.5822029497428762,0.10660099368161959
1742,0.7821129607707394,0.28918390219621665,0.22104854822089204,0.9961648546495572,0.9172729427826637,0.8807725877835993,0.6970136579681462,0.27690336901118295
1743,1.0,-0.003835145350442923,0.3859654667427635,1.0,1.0,1.0,0.811824366193416,0.44720574434074634
1744,0.9288659079471676,0.9961648546495571,0.4378178533825635,0.7069809524533405,1.0,1.0,1.0,0.3564564788680026
1745,0.8577318158943352,1.0,0.4896702400223635,0.4139619049066809,1.0,1.0,1.0,0.2657072133952588
1746,0.8159521108686228,0.9582202949742876,0.4478905349966511,0.3721821998809685,0.9582202949742876,0.9582202949742876,0.9582202949742876,0.22392750836954645
1747,0.7741724058429105,0.9164405899485752,0.4061108299709387,0.33040249485525613,0.9164405899485752,0.9164405899485752,0.9164405899485752,0.18214780334383407
1748,0.7323927008171981,0.8746608849228629,0.36433112494522635,0.28862278982954376,0.8746608849228629,0.8746608849228629,0.8746608849228629,0.1403680983181217
1749,0.6906129957914857,0.8328811798971505,0.32255141991951397,0.24684308480383138,0.8328811798971505,0.8328811798971505,0.8328811798971505,0.09858839329240933
1750,0.6488332907657733,0.7911014748714381,0.2807717148938016,0.205063379778119,0.7911014748714381,0.7911014748714381,0.7911014748714381,0.056808688266696966
1751,0.607053585740061,0.7493217698457257,0.23899200986808922,0.16328367475240663,0.7493217698457257,0.7493217698457257,0.7493217698457257,0.015028983240984603
1752,0.5652738807143486,0.7075420648200134,0.19721230484237684,0.12150396972669426,0.7075420648200134,0.7075420648200134,0.7075420648200134,-0.02675072178472776
1753,1.0,0.6167927993472696,0.1302800007484507,0.29180634505625763,0.9273526206291364,1.0,0.9717985072968881,0.9732492782152722
1754,1.0,0.5260435338745258,0.06334769665452457,0.46210872038582107,1.0,1.0,1.0,1.0
1755,0.9582202949742876,0.48426382884881347,0.021567991628812205,0.4203290153601087,0.9582202949742876,0.9582202949742876,0.9582202949742876,0.9582202949742876
1756,0.9164405899485752,0.4424841238231011,-0.020211713396900158,0.3785493103343963,0.9164405899485752,0.9164405899485752,0.9164405899485752,0.9164405899485752
1757,1.0,0.49433651046290106,0.9797882866030998,0.5434662288562678,1.0,0.9542770537556916,1.0,0.8495082858546491
1758,1.0,0.546188897102701,1.0,0.7083831473781393,1.0,0.9921135175628081,1.0,0.782575981760723
1759,0.9582202949742876,0.5044091920769886,0.9582202949742876,0.666603442352427,0.9582202949742876,0.9503338125370957,0.9582202949742876,0.7407962767350106
1760,0.9164405899485752,0.46262948705127627,0.9164405899485752,0.6248237373267146,0.9164405899485752,0.9085541075113833,0.9164405899485752,0.6990165717092982
1761,0.8746608849228629,0.4208497820255639,0.8746608849228629,0.5830440323010022,0.8746608849228629,0.866774402485671,0.8746608849228629,0.6572368666835858
1762,0.8328811798971505,0.3790700769998515,0.8328811798971505,0.5412643272752898,0.8328811798971505,0.8249946974599586,0.8328811798971505,0.6154571616578735
1763,0.7911014748714381,0.33729037197413914,0.7911014748714381,0.49948462224957746,0.7911014748714381,0.7832149924342462,0.7911014748714381,0.5736774566321611
1764,0.7493217698457257,0.29551066694842676,0.7493217698457257,0.4577049172238651,0.7493217698457257,0.7414352874085338,0.7493217698457257,0.5318977516064487
1765,0.7075420648200134,0.2537309619227144,0.7075420648200134,0.4159252121981527,0.7075420648200134,0.6996555823828214,0.7075420648200134,0.4901180465807363
1766,0.665762359794301,0.211951256897002,0.665762359794301,0.37414550717244033,0.665762359794301,0.6578758773571091,0.665762359794301,0.44833834155502394
1767,0.6239826547685886,0.17017155187128963,0.6239826547685886,0.33236580214672795,0.6239826547685886,0.6160961723313967,0.6239826547685886,0.40655863652931157
1768,0.5822029497428762,0.12839184684557725,0.5822029497428762,0.2905860971210156,0.5822029497428762,0.5743164673056843,0.5822029497428762,0.3647789315035992
1769,0.5404232447171639,0.08661214181986489,0.5404232447171639,0.2488063920953032,0.5404232447171639,0.5325367622799719,0.5404232447171639,0.3229992264778868
1770,0.4986435396914515,0.044832436794152525,0.4986435396914515,0.20702668706959082,0.4986435396914515,0.49075705725425955,0.4986435396914515,0.28121952145217444
1771,0.4568638346657391,0.0030527317684401617,0.4568638346657391,0.16524698204387844,0.4568638346657391,0.4489773522285472,0.4568638346657391,0.23943981642646206
1772,0.4150841296400267,-0.0387269732572722,0.4150841296400267,0.12346727701816608,0.4150841296400267,0.4071976472028348,0.4150841296400267,0.19766011140074968
1773,0.34395003758719433,0.9612730267427279,0.4669365162798267,-0.16955177052849352,0.43356663864296413,0.5891643668630576,0.6317827852426989,0.10691084592800591
1774,0.27281594553436195,1.0,0.5187889029196266,-0.4625708180751531,0.45204914764590154,0.7711310865232804,0.8484814408453711,0.016161580455262142
1775,0.6149941406678899,0.7069809524533405,0.683705821441498,0.5374291819248469,0.787119140685689,1.0,0.9632921490706411,0.18646395578482555
1776,0.9571723358014178,0.4139619049066809,0.8486227399633696,1.0,1.0,1.0,1.0,0.35676633111438893
1777,0.9153926307757054,0.3721821998809685,0.8068430349376572,0.9582202949742876,0.9582202949742876,0.9582202949742876,0.9582202949742876,0.31498662608867656
1778,0.873612925749993,0.33040249485525613,0.7650633299119448,0.9164405899485752,0.9164405899485752,0.9164405899485752,0.9164405899485752,0.2732069210629642
1779,0.8318332207242807,0.28862278982954376,0.7232836248862324,0.8746608849228629,0.8746608849228629,0.8746608849228629,0.8746608849228629,0.2314272160372518
1780,0.7900535156985683,0.24684308480383138,0.6815039198605201,0.8328811798971505,0.8328811798971505,0.8328811798971505,0.8328811798971505,0.18964751101153943
1781,0.7482738106728559,0.205063379778119,0.6397242148348077,0.7911014748714381,0.7911014748714381,0.7911014748714381,0.7911014748714381,0.14786780598582705
1782,0.7064941056471435,0.16328367475240663,0.5979445098090953,0.7493217698457257,0.7493217698457257,0.7493217698457257,0.7493217698457257,0.10608810096011469
1783,0.6647144006214312,0.12150396972669426,0.5561648047833829,0.7075420648200134,0.7075420648200134,0.7075420648200134,0.7075420648200134,0.06430839593440232
1784,0.6229346955957188,0.0797242647009819,0.5143850997576705,0.665762359794301,0.665762359794301,0.665762359794301,0.665762359794301,0.02252869090868996
1785,0.5811549905700064,0.03794455967526954,0.4726053947319582,0.6239826547685886,0.6239826547685886,0.6239826547685886,0.6239826547685886,-0.019251014117022403
1786,1.0,-0.05280470579747423,0.40567309063803203,0.794285030098152,0.8437932105777116,1.0,0.8882390972454633,0.9807489858829777
1787,1.0,-0.14355397127021802,0.3387407865441059,0.9645874054277154,1.0,1.0,1.0,1.0
1788,0.9288659079471676,0.8564460287297819,0.3905931731839059,0.6715683578810557,1.0,1.0,1.0,0.9092507345272562
1789,0.8577318158943352,1.0,0.4424455598237059,0.37854931033439615,1.0,1.0,1.0,0.8185014690545125
1790,0.8159521108686228,0.9582202949742876,0.40066585479799355,0.3367696053086838,0.9582202949742876,0.9582202949742876,0.9582202949742876,0.7767217640288001
1791,0.7741724058429105,0.9164405899485752,0.35888614977228117,0.2949899002829714,0.9164405899485752,0.9164405899485752,0.9164405899485752,0.7349420590030877
1792,0.7323927008171981,0.8746608849228629,0.3171064447465688,0.253210195257259,0.8746608849228629,0.8746608849228629,0.8746608849228629,0.6931623539773754
1793,0.6906129957914857,0.8328811798971505,0.2753267397208564,0.21143049023154664,0.8328811798971505,0.8328811798971505,0.8328811798971505,0.651382648951663
1794,0.6488332907657733,0.7911014748714381,0.23354703469514404,0.16965078520583426,0.7911014748714381,0.7911014748714381,0.7911014748714381,0.6096029439259506
1795,0.607053585740061,0.7493217698457257,0.19176732966943166,0.1278710801801219,0.7493217698457257,0.7493217698457257,0.7493217698457257,0.5678232389002382
1796,0.5652738807143486,0.7075420648200134,0.1499876246437193,0.08609137515440952,0.7075420648200134,0.7075420648200134,0.7075420648200134,0.5260435338745258
1797,0.5234941756886362,0.665762359794301,0.10820791961800692,0.04431167012869716,0.665762359794301,0.665762359794301,0.665762359794301,0.48426382884881347
1798,0.48171447066292383,0.6239826547685886,0.06642821459229456,0.0025319651029847984,0.6239826547685886,0.6239826547685886,0.6239826547685886,0.4424841238231011
1799,0.43993476563721146,0.5822029497428762,0.024648509566582197,-0.039247739922727565,0.5822029497428762,0.5822029497428762,0.5822029497428762,0.4007044187973887
1800,0.7821129607707394,0.28918390219621665,0.18956542808845367,0.9607522600772724,0.9172729427826637,0.8807725877835993,0.6970136579681462,0.5710067941269521
1801,1.0,-0.003835145350442923,0.3544823466103251,1.0,1.0,1.0,0.811824366193416,0.7413091694565155
1802,0.9288659079471676,0.9961648546495571,0.40633473325012515,0.7069809524533405,1.0,1.0,1.0,0.6505599039837717
1803,0.8577318158943352,1.0,0.45818711988992517,0.4139619049066809,1.0,1.0,1.0,0.559810638511028
1804,0.8159521108686228,0.9582202949742876,0.4164074148642128,0.3721821998809685,0.9582202949742876,0.9582202949742876,0.9582202949742876,0.5180309334853156
1805,0.7741724058429105,0.9164405899485752,0.3746277098385004,0.33040249485525613,0.9164405899485752,0.9164405899485752,0.9164405899485752,0.4762512284596032
1806,0.7323927008171981,0.8746608849228629,0.33284800481278803,0.28862278982954376,0.8746608849228629,0.8746608849228629,0.8746608849228629,0.43447152343389084
1807,0.6906129957914857,0.8328811798971505,0.29106829978707566,0.24684308480383138,0.8328811798971505,0.8328811798971505,0.8328811798971505,0.39269181840817846
1808,0.6488332907657733,0.7911014748714381,0.24928859476136328,0.205063379778119,0.7911014748714381,0.7911014748714381,0.7911014748714381,0.3509121133824661
1809,0.607053585740061,0.7493217698457257,0.2075088897356509,0.16328367475240663,0.7493217698457257,0.7493217698457257,0.7493217698457257,0.3091324083567537
1810,0.5652738807143486,0.7075420648200134,0.16572918470993853,0.12150396972669426,0.7075420648200134,0.7075420648200134,0.7075420648200134,0.26735270333104133
1811,0.5234941756886362,0.665762359794301,0.12394947968422616,0.0797242647009819,0.665762359794301,0.665762359794301,0.665762359794301,0.22557299830532895
1812,0.48171447066292383,0.6239826547685886,0.0821697746585138,0.03794455967526954,0.6239826547685886,0.6239826547685886,0.6239826547685886,0.18379329327961658
1813,0.43993476563721146,0.5822029497428762,0.04039006963280144,-0.0038351453504428257,0.5822029497428762,0.5822029497428762,0.5822029497428762,0.1420135882539042
1814,0.7821129607707394,0.28918390219621665,0.2053069881546729,0.9961648546495572,0.9172729427826637,0.8807725877835993,0.6970136579681462,0.3123159635834676
1815,1.0,-0.003835145350442923,0.37022390667654437,1.0,1.0,1.0,0.811824366193416,0.48261833891303096
1816,0.9288659079471676,0.9961648546495571,0.4220762933163444,0.7069809524533405,1.0,1.0,1.0,0.3918690734402872
1817,0.8577318158943352,1.0,0.4739286799561444,0.4139619049066809,1.0,1.0,1.0,0.30111980796754345
1818,0.8159521108686228,0.9582202949742876,0.43214897493043203,0.3721821998809685,0.9582202949742876,0.9582202949742876,0.9582202949742876,0.2593401029418311
1819,0.7741724058429105,0.9164405899485752,0.39036926990471965,0.33040249485525613,0.9164405899485752,0.9164405899485752,0.9164405899485752,0.2175603979161187
1820,0.7323927008171981,0.8746608849228629,0.3485895648790073,0.28862278982954376,0.8746608849228629,0.8746608849228629,0.8746608849228629,0.17578069289040632
1821,0.6906129957914857,0.8328811798971505,0.3068098598532949,0.24684308480383138,0.8328811798971505,0.8328811798971505,0.8328811798971505,0.13400098786469394
1822,0.6488332907657733,0.7911014748714381,0.2650301548275825,0.205063379778119,0.7911014748714381,0.7911014748714381,0.7911014748714381,0.09222128283898158
1823,0.607053585740061,0.7493217698457257,0.22325044980187014,0.16328367475240663,0.7493217698457257,0.7493217698457257,0.7493217698457257,0.05044157781326922
1824,0.5652738807143486,0.7075420648200134,0.18147074477615777,0.12150396972669426,0.7075420648200134,0.7075420648200134,0.7075420648200134,0.008661872787556854
1825,0.5234941756886362,0.665762359794301,0.1396910397504454,0.0797242647009819,0.665762359794301,0.665762359794301,0.665762359794301,-0.03311783223815551
1826,1.0,0.5750130943215572,0.07275873565651926,0.2500266400305453,0.885572915603424,1.0,0.9300188022711757,0.9668821677618444
1827,1.0,0.48426382884881347,0.005826431562593132,0.4203290153601087,1.0,1.0,1.0,1.0
1828,0.9582202949742876,0.4424841238231011,-0.03595327346311923,0.3785493103343963,0.9582202949742876,0.9582202949742876,0.9582202949742876,0.9582202949742876
1829,1.0,0.49433651046290106,0.9640467265368807,0.5434662288562678,1.0,0.9960567587814039,1.0,0.8912879908803615
1830,1.0,0.546188897102701,1.0,0.7083831473781393,1.0,1.0,1.0,0.8243556867864353
1831,0.9582202949742876,0.5044091920769886,0.9582202949742876,0.666603442352427,0.9582202949742876,0.9582202949742876,0.9582202949742876,0.782575981760723
1832,0.9164405899485752,0.46262948705127627,0.9164405899485752,0.6248237373267146,0.9164405899485752,0.9164405899485752,0.9164405899485752,0.7407962767350106
1833,0.8746608849228629,0.4208497820255639,0.8746608849228629,0.5830440323010022,0.8746608849228629,0.8746608849228629,0.8746608849228629,0.6990165717092982
1834,0.8328811798971505,0.3790700769998515,0.8328811798971505,0.5412643272752898,0.8328811798971505,0.8328811798971505,0.8328811798971505,0.6572368666835858
1835,0.7911014748714381,0.33729037197413914,0.7911014748714381,0.49948462224957746,0.7911014748714381,0.7911014748714381,0.7911014748714381,0.6154571616578735
1836,0.7493217698457257,0.29551066694842676,0.7493217698457257,0.4577049172238651,0.7493217698457257,0.7493217698457257,0.7493217698457257,0.5736774566321611
1837,0.7075420648200134,0.2537309619227144,0.7075420648200134,0.4159252121981527,0.7075420648200134,0.7075420648200134,0.7075420648200134,0.5318977516064487
1838,0.665762359794301,0.211951256897002,0.665762359794301,0.37414550717244033,0.665762359794301,0.665762359794301,0.665762359794301,0.4901180465807363
1839,0.6239826547685886,0.17017155187128963,0.6239826547685886,0.33236580214672795,0.6239826547685886,0.6239826547685886,0.6239826547685886,0.44833834155502394
1840,0.5822029497428762,0.12839184684557725,0.5822029497428762,0.2905860971210156,0.5822029497428762,0.5822029497428762,0.5822029497428762,0.40655863652931157
1841,0.5404232447171639,0.08661214181986489,0.5404232447171639,0.2488063920953032,0.5404232447171639,0.5404232447171639,0.5404232447171639,0.3647789315035992
1842,0.4986435396914515,0.044832436794152525,0.4986435396914515,0.20702668706959082,0.4986435396914515,0.4986435396914515,0.4986435396914515,0.3229992264778868
1843,0.4568638346657391,0.0030527317684401617,0.4568638346657391,0.16524698204387844,0.4568638346657391,0.4568638346657391,0.4568638346657391,0.28121952145217444
1844,0.4150841296400267,-0.0387269732572722,0.4150841296400267,0.12346727701816608,0.4150841296400267,0.4150841296400267,0.4150841296400267,0.23943981642646206
1845,0.34395003758719433,0.9612730267427279,0.4669365162798267,-0.16955177052849352,0.43356663864296413,0.5970508493002495,0.6317827852426989,0.1486905509537183
1846,0.27281594553436195,1.0,0.5187889029196266,-0.4625708180751531,0.45204914764590154,0.7790175689604724,0.8484814408453711,0.05794128548097453
1847,0.6149941406678899,0.7069809524533405,0.683705821441498,0.5374291819248469,0.787119140685689,1.0,0.9632921490706411,0.22824366081053793
1848,0.9571723358014178,0.4139619049066809,0.8486227399633696,1.0,1.0,1.0,1.0,0.3985460361401013
1849,0.9153926307757054,0.3721821998809685,0.8068430349376572,0.9582202949742876,0.9582202949742876,0.9582202949742876,0.9582202949742876,0.35676633111438893
1850,0.873612925749993,0.33040249485525613,0.7650633299119448,0.9164405899485752,0.9164405899485752,0.9164405899485752,0.9164405899485752,0.31498662608867656
1851,0.8318332207242807,0.28862278982954376,0.7232836248862324,0.8746608849228629,0.8746608849228629,0.8746608849228629,0.8746608849228629,0.2732069210629642
1852,0.7900535156985683,0.24684308480383138,0.6815039198605201,0.8328811798971505,0.8328811798971505,0.8328811798971505,0.8328811798971505,0.2314272160372518
1853,0.7482738106728559,0.205063379778119,0.6397242148348077,0.7911014748714381,0.7911014748714381,0.7911014748714381,0.7911014748714381,0.18964751101153943
1854,0.7064941056471435,0.16328367475240663,0.5979445098090953,0.7493217698457257,0.7493217698457257,0.7493217698457257,0.7493217698457257,0.14786780598582705
1855,0.6647144006214312,0.12150396972669426,0.5561648047833829,0.7075420648200134,0.7075420648200134,0.7075420648200134,0.7075420648200134,0.10608810096011469
1856,0.6229346955957188,0.0797242647009819,0.5143850997576705,0.665762359794301,0.665762359794301,0.665762359794301,0.665762359794301,0.06430839593440232
1857,0.5811549905700064,0.03794455967526954,0.4726053947319582,0.6239826547685886,0.6239826547685886,0.6239826547685886,0.6239826547685886,0.02252869090868996
1858,0.539375285544294,-0.0038351453504428257,0.4308256897062458,0.5822029497428762,0.5822029497428762,0.5822029497428762,0.5822029497428762,-0.019251014117022403
1859,1.0,-0.0945844108231866,0.36389338561231965,0.7525053250724396,0.8020135055519992,1.0,0.846459392219751,0.9807489858829777
1860,1.0,-0.1853336762959304,0.2969610815183935,0.922807700402003,1.0,1.0,1.0,1.0
1861,0.9288659079471676,0.8146663237040697,0.34881346815819353,0.6297886528553435,1.0,1.0,1.0,0.9092507345272562
1862,0.8577318158943352,1.0,0.40066585479799355,0.3367696053086839,1.0,1.0,1.0,0.8185014690545125
1863,0.8159521108686228,0.9582202949742876,0.35888614977228117,0.2949899002829715,0.9582202949742876,0.9582202949742876,0.9582202949742876,0.7767217640288001
1864,0.7741724058429105,0.9164405899485752,0.3171064447465688,0.25321019525725913,0.9164405899485752,0.9164405899485752,0.9164405899485752,0.7349420590030877
1865,0.7323927008171981,0.8746608849228629,0.2753267397208564,0.21143049023154675,0.8746608849228629,0.8746608849228629,0.8746608849228629,0.6931623539773754
1866,0.6906129957914857,0.8328811798971505,0.23354703469514404,0.16965078520583438,0.8328811798971505,0.8328811798971505,0.8328811798971505,0.651382648951663
1867,0.6488332907657733,0.7911014748714381,0.19176732966943166,0.127871080180122,0.7911014748714381,0.7911014748714381,0.7911014748714381,0.6096029439259506
1868,0.607053585740061,0.7493217698457257,0.1499876246437193,0.08609137515440964,0.7493217698457257,0.7493217698457257,0.7493217698457257,0.5678232389002382
1869,0.5652738807143486,0.7075420648200134,0.10820791961800692,0.04431167012869727,0.7075420648200134,0.7075420648200134,0.7075420648200134,0.5260435338745258
1870,0.5234941756886362,0.665762359794301,0.06642821459229456,0.0025319651029849094,0.665762359794301,0.665762359794301,0.665762359794301,0.48426382884881347
1871,0.48171447066292383,0.6239826547685886,0.024648509566582197,-0.039247739922727454,0.6239826547685886,0.6239826547685886,0.6239826547685886,0.4424841238231011
1872,0.8238926657964517,0.330963607221929,0.18956542808845367,0.9607522600772725,0.9590526478083762,0.9225522928093118,0.7387933629938584,0.6127864991526645
1873,1.0,0.037944559675269454,0.3544823466103251,1.0,1.0,1.0,0.8536040712191283,0.7830888744822279
1874,0.9582202949742876,-0.003835145350442909,0.31270264158461275,0.9582202949742876,0.9582202949742876,0.9582202949742876,0.8118243661934159,0.7413091694565155
1875,0.8870862029214552,0.9961648546495571,0.36455502822441277,0.665201247427628,0.9767028039772251,1.0,1.0,0.6505599039837717
1876,0.8159521108686228,1.0,0.4164074148642128,0.3721821998809684,0.9951853129801626,1.0,1.0,0.559810638511028
1877,0.7741724058429105,0.9582202949742876,0.3746277098385004,0.330402494855256,0.9534056079544502,0.9582202949742876,0.9582202949742876,0.5180309334853156
1878,0.7323927008171981,0.9164405899485752,0.33284800481278803,0.28862278982954365,0.9116259029287378,0.9164405899485752,0.9164405899485752,0.4762512284596032
1879,0.6906129957914857,0.8746608849228629,0.29106829978707566,0.24684308480383127,0.8698461979030254,0.8746608849228629,0.8746608849228629,0.43447152343389084
1880,0.6488332907657733,0.8328811798971505,0.24928859476136328,0.2050633797781189,0.828066492877313,0.8328811798971505,0.8328811798971505,0.39269181840817846
1881,0.607053585740061,0.7911014748714381,0.2075088897356509,0.16328367475240652,0.7862867878516007,0.7911014748714381,0.7911014748714381,0.3509121133824661
1882,0.5652738807143486,0.7493217698457257,0.16572918470993853,0.12150396972669415,0.7445070828258883,0.7493217698457257,0.7493217698457257,0.3091324083567537
1883,0.5234941756886362,0.7075420648200134,0.12394947968422616,0.07972426470098179,0.7027273778001759,0.7075420648200134,0.7075420648200134,0.26735270333104133
1884,0.48171447066292383,0.665762359794301,0.0821697746585138,0.037944559675269426,0.6609476727744635,0.665762359794301,0.665762359794301,0.22557299830532895
1885,0.43993476563721146,0.6239826547685886,0.04039006963280144,-0.0038351453504429367,0.6191679677487512,0.6239826547685886,0.6239826547685886,0.18379329327961658
1886,0.7821129607707394,0.330963607221929,0.2053069881546729,0.9961648546495571,0.9542379607885386,0.9225522928093118,0.7387933629938584,0.35409566860917996
1887,1.0,0.037944559675269454,0.37022390667654437,1.0,1.0,1.0,0.8536040712191283,0.5243980439387433
1888,0.9582202949742876,-0.003835145350442909,0.328444201650832,0.9582202949742876,0.9582202949742876,0.9582202949742876,0.8118243661934159,0.48261833891303096
1889,0.8870862029214552,0.9961648546495571,0.380296588290632,0.665201247427628,0.9767028039772251,1.0,1.0,0.3918690734402872
1890,0.8159521108686228,1.0,0.43214897493043203,0.3721821998809684,0.9951853129801626,1.0,1.0,0.30111980796754345
1891,0.7741724058429105,0.9582202949742876,0.39036926990471965,0.330402494855256,0.9534056079544502,0.9582202949742876,0.9582202949742876,0.2593401029418311
1892,0.7323927008171981,0.9164405899485752,0.3485895648790073,0.28862278982954365,0.9116259029287378,0.9164405899485752,0.9164405899485752,0.2175603979161187
1893,0.6906129957914857,0.8746608849228629,0.3068098598532949,0.24684308480383127,0.8698461979030254,0.8746608849228629,0.8746608849228629,0.17578069289040632
1894,0.6488332907657733,0.8328811798971505,0.2650301548275825,0.2050633797781189,0.828066492877313,0.8328811798971505,0.8328811798971505,0.13400098786469394
1895,0.607053585740061,0.7911014748714381,0.22325044980187014,0.16328367475240652,0.7862867878516007,0.7911014748714381,0.7911014748714381,0.09222128283898158
1896,0.5652738807143486,0.7493217698457257,0.18147074477615777,0.12150396972669415,0.7445070828258883,0.7493217698457257,0.7493217698457257,0.05044157781326922
1897,0.5234941756886362,0.7075420648200134,0.1396910397504454,0.07972426470098179,0.7027273778001759,0.7075420648200134,0.7075420648200134,0.008661872787556854
1898,0.48171447066292383,0.665762359794301,0.09791133472473303,0.037944559675269426,0.6609476727744635,0.665762359794301,0.665762359794301,-0.03311783223815551
1899,0.9604643036511461,0.5750130943215572,0.030979030630806897,0.20824693500483282,0.8807582285835865,1.0,0.9300188022711757,0.9668821677618444
1900,1.0,0.48426382884881347,-0.03595327346311923,0.3785493103343962,1.0,1.0,1.0,1.0
1901,1.0,0.5361162154886134,0.9640467265368807,0.5434662288562676,1.0,1.0,1.0,0.9330676959060739
1902,1.0,0.5879686021284134,1.0,0.7083831473781391,1.0,1.0,1.0,0.8661353918121477
1903,0.9582202949742876,0.546188897102701,0.9582202949742876,0.6666034423524267,0.9582202949742876,0.9582202949742876,0.9582202949742876,0.8243556867864353
1904,0.9164405899485752,0.5044091920769886,0.9164405899485752,0.6248237373267144,0.9164405899485752,0.9164405899485752,0.9164405899485752,0.782575981760723
1905,0.8746608849228629,0.46262948705127627,0.8746608849228629,0.583044032301002,0.8746608849228629,0.8746608849228629,0.8746608849228629,0.7407962767350106
1906,0.8328811798971505,0.4208497820255639,0.8328811798971505,0.5412643272752896,0.8328811798971505,0.8328811798971505,0.8328811798971505,0.6990165717092982
1907,0.7911014748714381,0.3790700769998515,0.7911014748714381,0.49948462224957724,0.7911014748714381,0.7911014748714381,0.7911014748714381,0.6572368666835858
1908,0.7493217698457257,0.33729037197413914,0.7493217698457257,0.45770491722386486,0.7493217698457257,0.7493217698457257,0.7493217698457257,0.6154571616578735
1909,0.7075420648200134,0.29551066694842676,0.7075420648200134,0.4159252121981525,0.7075420648200134,0.7075420648200134,0.7075420648200134,0.5736774566321611
1910,0.665762359794301,0.2537309619227144,0.665762359794301,0.3741455071724401,0.665762359794301,0.665762359794301,0.665762359794301,0.5318977516064487
1911,0.6239826547685886,0.211951256897002,0.6239826547685886,0.33236580214672773,0.6239826547685886,0.6239826547685886,0.6239826547685886,0.4901180465807363
1912,0.5822029497428762,0.17017155187128963,0.5822029497428762,0.29058609712101535,0.5822029497428762,0.5822029497428762,0.5822029497428762,0.44833834155502394
1913,0.5404232447171639,0.12839184684557725,0.5404232447171639,0.24880639209530298,0.5404232447171639,0.5404232447171639,0.5404232447171639,0.40655863652931157
1914,0.4986435396914515,0.08661214181986489,0.4986435396914515,0.2070266870695906,0.4986435396914515,0.4986435396914515,0.4986435396914515,0.3647789315035992
1915,0.4568638346657391,0.044832436794152525,0.4568638346657391,0.16524698204387822,0.4568638346657391,0.4568638346657391,0.4568638346657391,0.3229992264778868
1916,0.4150841296400267,0.0030527317684401617,0.4150841296400267,0.12346727701816586,0.4150841296400267,0.4150841296400267,0.4150841296400267,0.28121952145217444
1917,0.37330442461431435,-0.0387269732572722,0.37330442461431435,0.0816875719924535,0.37330442461431435,0.37330442461431435,0.37330442461431435,0.23943981642646206
1918,0.30217033256148196,0.9612730267427279,0.42515681125411436,-0.21133147555420606,0.39178693361725175,0.5552711442745372,0.5900030802169866,0.1486905509537183
1919,0.23103624050864957,1.0,0.4770091978939144,-0.5043505231008656,0.41026944262018916,0.73723786393476,0.8067017358196588,0.05794128548097453
1920,0.5732144356421774,0.7069809524533405,0.6419261164157858,0.4956494768991344,0.7453394356599766,1.0,0.9215124440449286,0.22824366081053793
1921,0.9153926307757053,0.4139619049066809,0.8068430349376573,1.0,1.0,1.0,1.0,0.3985460361401013
1922,0.8736129257499929,0.3721821998809685,0.7650633299119449,0.9582202949742876,0.9582202949742876,0.9582202949742876,0.9582202949742876,0.35676633111438893
1923,0.8318332207242806,0.33040249485525613,0.7232836248862325,0.9164405899485752,0.9164405899485752,0.9164405899485752,0.9164405899485752,0.31498662608867656
1924,0.7900535156985682,0.28862278982954376,0.6815039198605202,0.8746608849228629,0.8746608849228629,0.8746608849228629,0.8746608849228629,0.2732069210629642
1925,0.7482738106728558,0.24684308480383138,0.6397242148348078,0.8328811798971505,0.8328811798971505,0.8328811798971505,0.8328811798971505,0.2314272160372518
1926,0.7064941056471434,0.205063379778119,0.5979445098090954,0.7911014748714381,0.7911014748714381,0.7911014748714381,0.7911014748714381,0.18964751101153943
1927,0.6647144006214311,0.16328367475240663,0.556164804783383,0.7493217698457257,0.7493217698457257,0.7493217698457257,0.7493217698457257,0.14786780598582705
1928,0.6229346955957187,0.12150396972669426,0.5143850997576707,0.7075420648200134,0.7075420648200134,0.7075420648200134,0.7075420648200134,0.10608810096011469
1929,0.5811549905700063,0.0797242647009819,0.4726053947319583,0.665762359794301,0.665762359794301,0.665762359794301,0.665762359794301,0.06430839593440232
1930,0.5393752855442939,0.03794455967526954,0.4308256897062459,0.6239826547685886,0.6239826547685886,0.6239826547685886,0.6239826547685886,0.02252869090868996
1931,0.49759558051858155,-0.0038351453504428257,0.38904598468053353,0.5822029497428762,0.5822029497428762,0.5822029497428762,0.5822029497428762,-0.019251014117022403
1932,0.9763454135068038,-0.0945844108231866,0.3221136805866074,0.7525053250724396,0.8020135055519992,1.0,0.846459392219751,0.9807489858829777
1933,1.0,-0.1853336762959304,0.25518137649268124,0.922807700402003,1.0,1.0,1.0,1.0
1934,0.9288659079471676,0.8146663237040697,0.30703376313248126,0.6297886528553435,1.0,1.0,1.0,0.9092507345272562
1935,0.8577318158943352,1.0,0.3588861497722813,0.3367696053086839,1.0,1.0,1.0,0.8185014690545125
1936,0.8159521108686228,0.9582202949742876,0.3171064447465689,0.2949899002829715,0.9582202949742876,0.9582202949742876,0.9582202949742876,0.7767217640288001
1937,0.7741724058429105,0.9164405899485752,0.27532673972085653,0.25321019525725913,0.9164405899485752,0.9164405899485752,0.9164405899485752,0.7349420590030877
1938,0.7323927008171981,0.8746608849228629,0.23354703469514415,0.21143049023154675,0.8746608849228629,0.8746608849228629,0.8746608849228629,0.6931623539773754
1939,0.6906129957914857,0.8328811798971505,0.19176732966943177,0.16965078520583438,0.8328811798971505,0.8328811798971505,0.8328811798971505,0.651382648951663
1940,0.6488332907657733,0.7911014748714381,0.1499876246437194,0.127871080180122,0.7911014748714381,0.7911014748714381,0.7911014748714381,0.6096029439259506
1941,0.607053585740061,0.7493217698457257,0.10820791961800703,0.08609137515440964,0.7493217698457257,0.7493217698457257,0.7493217698457257,0.5678232389002382
1942,0.5652738807143486,0.7075420648200134,0.06642821459229467,0.04431167012869727,0.7075420648200134,0.7075420648200134,0.7075420648200134,0.5260435338745258
1943,0.5234941756886362,0.665762359794301,0.024648509566582308,0.0025319651029849094,0.665762359794301,0.665762359794301,0.665762359794301,0.48426382884881347
1944,0.48171447066292383,0.6239826547685886,-0.017131195459130055,-0.039247739922727454,0.6239826547685886,0.6239826547685886,0.6239826547685886,0.4424841238231011
1945,0.8238926657964517,0.330963607221929,0.1477857230627414,0.9607522600772725,0.9590526478083762,0.9225522928093118,0.7387933629938584,0.6127864991526645
1946,1.0,0.037944559675269454,0.31270264158461286,1.0,1.0,1.0,0.8536040712191283,0.7830888744822279
1947,0.9582202949742876,-0.003835145350442909,0.2709229365589005,0.9582202949742876,0.9582202949742876,0.9582202949742876,0.8118243661934159,0.7413091694565155
1948,0.8870862029214552,0.9961648546495571,0.3227753231987005,0.665201247427628,0.9767028039772251,1.0,1.0,0.6505599039837717
1949,0.8159521108686228,1.0,0.3746277098385005,0.3721821998809684,0.9951853129801626,1.0,1.0,0.559810638511028
1950,0.7741724058429105,0.9582202949742876,0.33284800481278815,0.330402494855256,0.9534056079544502,0.9582202949742876,0.9582202949742876,0.5180309334853156
1951,0.7323927008171981,0.9164405899485752,0.29106829978707577,0.28862278982954365,0.9116259029287378,0.9164405899485752,0.9164405899485752,0.4762512284596032
1952,0.6906129957914857,0.8746608849228629,0.2492885947613634,0.24684308480383127,0.8698461979030254,0.8746608849228629,0.8746608849228629,0.43447152343389084
1953,0.6488332907657733,0.8328811798971505,0.20750888973565101,0.2050633797781189,0.828066492877313,0.8328811798971505,0.8328811798971505,0.39269181840817846
1954,0.607053585740061,0.7911014748714381,0.16572918470993864,0.16328367475240652,0.7862867878516007,0.7911014748714381,0.7911014748714381,0.3509121133824661
1955,0.5652738807143486,0.7493217698457257,0.12394947968422627,0.12150396972669415,0.7445070828258883,0.7493217698457257,0.7493217698457257,0.3091324083567537
1956,0.5234941756886362,0.7075420648200134,0.08216977465851391,0.07972426470098179,0.7027273778001759,0.7075420648200134,0.7075420648200134,0.26735270333104133
1957,0.48171447066292383,0.665762359794301,0.04039006963280155,0.037944559675269426,0.6609476727744635,0.665762359794301,0.665762359794301,0.22557299830532895
1958,0.43993476563721146,0.6239826547685886,-0.0013896353929108152,-0.0038351453504429367,0.6191679677487512,0.6239826547685886,0.6239826547685886,0.18379329327961658
1959,0.6685381944723466,0.6758350414083886,0.9986103646070892,0.16108177317142852,1.0,0.661819118575705,0.8099997586552096,0.11686098918569045
1960,0.8971416233074818,0.7276874280481885,1.0,0.3259986916933,1.0,0.6996555823828213,0.9960168625418305,0.04992868509176432
1961,0.8553619182817694,0.6859077230224762,0.9582202949742876,0.2842189866675876,0.9582202949742876,0.657875877357109,0.9542371575161182,0.008148980066051956
1962,0.8135822132560571,0.6441280179967638,0.9164405899485752,0.24243928164187523,0.9164405899485752,0.6160961723313966,0.9124574524904058,-0.03363072495966041
1963,1.0,0.55337875252402,0.8495082858546491,0.4127416569714386,1.0,1.0,1.0,0.9663692750403396
1964,1.0,0.46262948705127627,0.782575981760723,0.583044032301002,1.0,1.0,1.0,1.0
1965,0.9582202949742876,0.4208497820255639,0.7407962767350106,0.5412643272752896,0.9582202949742876,0.9582202949742876,0.9582202949742876,0.9582202949742876
1966,0.9164405899485752,0.3790700769998515,0.6990165717092982,0.49948462224957724,0.9164405899485752,0.9164405899485752,0.9164405899485752,0.9164405899485752
1967,0.8746608849228629,0.33729037197413914,0.6572368666835858,0.45770491722386486,0.8746608849228629,0.8746608849228629,0.8746608849228629,0.8746608849228629
1968,0.8328811798971505,0.29551066694842676,0.6154571616578735,0.4159252121981525,0.8328811798971505,0.8328811798971505,0.8328811798971505,0.8328811798971505
1969,0.7911014748714381,0.2537309619227144,0.5736774566321611,0.3741455071724401,0.7911014748714381,0.7911014748714381,0.7911014748714381,0.7911014748714381
1970,0.7493217698457257,0.211951256897002,0.5318977516064487,0.33236580214672773,0.7493217698457257,0.7493217698457257,0.7493217698457257,0.7493217698457257
1971,0.7075420648200134,0.17017155187128963,0.4901180465807363,0.29058609712101535,0.7075420648200134,0.7075420648200134,0.7075420648200134,0.7075420648200134
1972,0.665762359794301,0.12839184684557725,0.44833834155502394,0.24880639209530298,0.665762359794301,0.665762359794301,0.665762359794301,0.665762359794301
1973,0.6239826547685886,0.08661214181986489,0.40655863652931157,0.2070266870695906,0.6239826547685886,0.6239826547685886,0.6239826547685886,0.6239826547685886
1974,0.5822029497428762,0.044832436794152525,0.3647789315035992,0.16524698204387822,0.5822029497428762,0.5822029497428762,0.5822029497428762,0.5822029497428762
1975,0.5404232447171639,0.0030527317684401617,0.3229992264778868,0.12346727701816586,0.5404232447171639,0.5404232447171639,0.5404232447171639,0.5404232447171639
1976,0.4986435396914515,-0.0387269732572722,0.28121952145217444,0.0816875719924535,0.4986435396914515,0.4986435396914515,0.4986435396914515,0.4986435396914515
1977,0.4275094476386191,0.9612730267427279,0.33307190809197446,-0.21133147555420606,0.5171260486943888,0.6806102593516743,0.7153421952941237,0.4078942742187077
1978,0.3563753555857867,1.0,0.3849242947317745,-0.5043505231008656,0.5356085576973263,0.8625769790118971,0.9320408508967959,0.31714500874596396
1979,0.6985535507193147,0.7069809524533405,0.549841213253646,0.4956494768991344,0.8706785507371138,1.0,1.0,0.48744738407552735
1980,1.0,0.4139619049066809,0.7147581317755175,1.0,1.0,1.0,1.0,0.6577497594050907
1981,0.9582202949742876,0.3721821998809685,0.6729784267498051,0.9582202949742876,0.9582202949742876,0.9582202949742876,0.9582202949742876,0.6159700543793784
1982,0.9164405899485752,0.33040249485525613,0.6311987217240927,0.9164405899485752,0.9164405899485752,0.9164405899485752,0.9164405899485752,0.574190349353666
1983,0.8746608849228629,0.28862278982954376,0.5894190166983804,0.8746608849228629,0.8746608849228629,0.8746608849228629,0.8746608849228629,0.5324106443279536
1984,0.8328811798971505,0.24684308480383138,0.547639311672668,0.8328811798971505,0.8328811798971505,0.8328811798971505,0.8328811798971505,0.4906309393022412
1985,0.7911014748714381,0.205063379778119,0.5058596066469556,0.7911014748714381,0.7911014748714381,0.7911014748714381,0.7911014748714381,0.44885123427652884
1986,0.7493217698457257,0.16328367475240663,0.46407990162124324,0.7493217698457257,0.7493217698457257,0.7493217698457257,0.7493217698457257,0.40707152925081647
1987,0.7075420648200134,0.12150396972669426,0.42230019659553086,0.7075420648200134,0.7075420648200134,0.7075420648200134,0.7075420648200134,0.3652918242251041
1988,0.665762359794301,0.0797242647009819,0.3805204915698185,0.665762359794301,0.665762359794301,0.665762359794301,0.665762359794301,0.3235121191993917
1989,0.6239826547685886,0.03794455967526954,0.3387407865441061,0.6239826547685886,0.6239826547685886,0.6239826547685886,0.6239826547685886,0.28173241417367934
1990,0.5822029497428762,-0.0038351453504428257,0.29696108151839373,0.5822029497428762,0.5822029497428762,0.5822029497428762,0.5822029497428762,0.23995270914796696
1991,0.5110688576900438,0.9961648546495572,0.34881346815819375,0.28918390219621665,0.6006854587458136,0.764169669403099,0.7989016053455484,0.1492034436752232
1992,0.43993476563721146,1.0,0.40066585479799377,-0.003835145350442923,0.619167967748751,0.9461363890633219,1.0,0.05845417820247943
1993,0.7821129607707394,0.7069809524533405,0.5655827733198652,0.9961648546495571,0.9542379607885385,1.0,1.0,0.22875655353204283
1994,1.0,0.4139619049066809,0.7304996918417367,1.0,1.0,1.0,1.0,0.3990589288616062
1995,0.9582202949742876,0.3721821998809685,0.6887199868160243,0.9582202949742876,0.9582202949742876,0.9582202949742876,0.9582202949742876,0.35727922383589383
1996,0.9164405899485752,0.33040249485525613,0.6469402817903119,0.9164405899485752,0.9164405899485752,0.9164405899485752,0.9164405899485752,0.31549951881018146
1997,0.8746608849228629,0.28862278982954376,0.6051605767645996,0.8746608849228629,0.8746608849228629,0.8746608849228629,0.8746608849228629,0.2737198137844691
1998,0.8328811798971505,0.24684308480383138,0.5633808717388872,0.8328811798971505,0.8328811798971505,0.8328811798971505,0.8328811798971505,0.2319401087587567
1999,0.7911014748714381,0.205063379778119,0.5216011667131748,0.7911014748714381,0.7911014748714381,0.7911014748714381,0.7911014748714381,0.19016040373304433
